0.88
-5.93
2.20
-7.61
-4.98
6.71
5.45
0.35
-5.30
7.27
-5.60
-6.67
0.98
-1.42
-7.47
-4.86
9.77
1.01
4.55
4.19
-1.70
-4.58
0.10
4.80
3.76
9.86
6.18
-7.42
-0.42
-6.79
-1.28
2.09
5.04
8.82
-5.90
-5.20
-6.19
-8.63
-8.81
-4.44
-2.88
-0.07
4.45
-4.36
7.02
-9.41
-1.13
-9.46
-4.39
1.43
7.27
-9.39
-4.48
-6.69
0.55
-7.31
-2.32
-0.63
-8.36
-9.22
-8.42
6.52
3.70
-5.99
4.01
1.82
3.18
9.94
1.64
7.22
8.37
1.31
-6.76
-4.57
-5.84
-5.55
-2.97
-9.72
3.47
7.31
8.92
4.62
6.11
-4.52
-2.86
-1.17
-4.37
4.07
-1.02
-6.80
4.84
3.77
5.16
-2.86
-9.49
-0.94
7.65
8.52
8.06
6.89
