-8.51
-9.37
6.11
3.77
-0.07
9.64
-0.74
4.34
6.71
-1.61
1.99
0.30
-7.05
-2.45
-9.66
-0.45
-2.90
-4.76
-0.64
8.59
-5.54
-8.85
3.30
-5.25
3.03
1.37
-6.35
-5.66
-8.50
-3.05
-4.11
4.94
-5.09
-0.61
-4.46
9.90
-6.35
6.24
-6.02
-6.80
1.38
9.71
4.86
-7.22
-2.46
1.75
-8.35
-9.53
-9.97
8.40
-3.13
6.67
3.75
6.77
3.79
-2.19
0.57
7.63
1.09
4.92
6.32
-3.19
-8.85
-8.84
-9.43
-1.47
-7.36
-3.36
-5.36
-6.27
-2.06
8.61
-6.36
-3.41
-3.92
-4.90
7.97
2.36
1.88
0.16
-9.85
9.54
1.72
8.84
2.34
9.68
-3.18
0.02
-9.58
7.76
-5.56
-4.83
-9.97
6.45
7.77
1.31
-9.59
-2.84
-4.96
-3.88
-8.50
-8.69
-1.48
-6.61
-0.03
-5.44
-5.94
-2.96
-0.12
-2.51
-8.31
1.60
3.49
5.60
-1.90
7.57
-2.10
1.90
1.33
9.51
-6.87
5.12
8.66
5.16
7.32
-3.23
-2.02
3.69
-5.47
0.05
-6.52
1.10
-9.05
3.82
6.24
1.03
4.99
-5.21
-9.69
9.02
7.02
-9.11
-5.11
-1.59
4.19
-0.85
3.32
-4.09
-3.80
-8.93
-0.58
5.06
-2.61
-1.33
-8.14
-4.36
1.02
4.33
-2.86
-2.76
-8.87
7.55
-8.17
4.98
-2.17
1.72
-5.26
-4.40
1.44
4.06
9.50
2.09
1.26
-8.09
8.38
4.84
-5.47
8.37
7.81
7.57
1.16
-9.55
-3.73
-3.93
-0.00
3.00
5.23
7.96
-7.94
-8.69
3.72
-8.49
-3.45
-4.31
7.10
1.75
-4.87
1.07
0.77
-8.19
-9.82
4.76
9.40
7.90
-7.38
-4.46
-7.79
5.75
4.89
7.07
-4.87
-3.14
-5.18
-1.06
0.21
2.56
5.87
8.34
3.13
4.09
-0.49
5.49
-0.66
6.69
-4.76
-3.93
9.40
6.05
3.94
3.58
4.23
-5.00
0.21
-5.06
0.91
-1.26
9.22
2.39
9.56
-3.37
-6.20
4.70
1.97
-1.27
-2.67
1.06
2.69
-4.80
8.07
0.53
-6.98
6.63
0.57
0.31
8.73
-6.44
-0.22
-4.04
1.98
-6.87
3.48
-3.42
8.13
1.14
8.63
8.26
8.07
7.54
-2.69
-1.31
6.70
3.61
7.91
6.32
-1.86
8.76
6.99
6.94
-1.72
-4.77
7.77
1.03
-4.51
-1.18
-9.45
-5.19
-0.26
-6.42
-9.11
-1.78
1.21
-1.10
-8.89
-6.97
-1.40
-3.20
0.68
-6.02
8.02
7.83
1.29
-3.70
-6.93
3.43
1.98
-7.39
6.56
3.13
0.20
-7.64
4.70
-5.42
-5.73
6.96
4.25
4.50
2.90
-6.34
3.36
-1.21
-2.60
1.37
-3.40
-0.16
2.29
-8.49
4.91
-0.79
9.74
-2.97
-8.94
-6.22
3.64
-7.29
1.21
3.45
-1.09
-0.11
3.31
-1.32
-8.49
-1.30
2.75
-4.24
5.00
-8.99
6.15
8.16
9.17
7.16
-6.31
-8.13
-3.74
-0.48
-9.24
-6.90
-9.37
-3.78
-0.55
-3.80
-2.72
-2.07
0.57
0.17
5.01
-8.97
6.79
1.67
9.72
0.10
-2.43
-7.16
-6.44
-7.03
-3.60
-8.07
5.52
1.55
1.15
-5.11
-0.93
-8.77
7.96
6.13
-7.44
2.43
-0.56
-3.57
7.84
-3.02
-2.28
6.23
-7.07
-7.16
-6.92
2.42
4.15
0.00
8.59
6.71
-6.44
0.80
-8.36
3.69
-2.85
7.84
-7.28
6.84
9.48
2.53
2.35
-9.57
0.41
7.43
6.53
5.51
-0.49
-4.53
-8.50
8.22
3.79
9.26
-1.62
-1.61
-5.58
-6.45
-1.74
-3.42
-2.07
-6.03
8.55
-2.20
-2.31
5.18
0.95
9.92
-8.81
1.55
1.90
-5.08
-1.29
-6.44
-4.05
1.12
-0.86
2.92
-7.12
4.54
-1.57
-0.36
8.96
7.48
6.43
-5.88
3.17
-7.61
7.61
7.45
-1.12
-0.70
1.36
-7.07
-8.30
4.83
-2.48
-7.95
-5.92
-9.14
2.72
-2.00
-2.73
1.17
3.12
9.85
1.30
-6.06
-0.69
-9.50
-6.38
8.43
-1.21
-8.43
6.93
-6.16
1.88
-1.71
-3.01
-1.44
6.51
-2.41
-9.17
7.88
7.58
2.49
6.21
8.28
-3.44
-4.15
-7.30
6.46
-3.11
6.71
-4.71
1.26
0.77
2.25
-9.13
-3.50
3.13
8.60
-1.52
-7.03
-1.83
3.51
-6.34
7.56
-5.65
-5.92
7.85
-2.12
-6.79
2.62
3.16
0.23
7.83
-6.11
3.38
-0.74
6.46
6.65
-8.37
-2.73
-3.01
2.81
-4.48
1.45
-2.16
-2.78
-9.75
-2.97
-9.09
1.26
0.31
4.59
2.28
3.34
-9.49
9.52
6.19
-0.56
6.88
1.92
-2.04
-3.18
-1.99
-5.10
-8.51
3.98
-2.38
-0.47
6.99
-9.86
-1.21
4.50
4.44
7.09
0.68
-1.36
8.62
-3.13
-1.85
4.37
1.09
-1.84
-4.90
0.34
4.95
-5.44
-8.00
1.23
-2.12
-2.03
8.36
-7.11
-0.87
-9.91
-9.33
-8.97
6.08
-4.74
6.48
1.45
6.04
7.62
-4.75
9.98
-1.23
5.92
-3.43
0.36
-4.46
-1.09
6.41
8.01
-9.76
-5.41
1.95
7.92
8.14
-3.71
5.73
4.83
8.01
-1.14
9.66
3.64
3.19
7.98
9.53
8.44
-2.78
-4.17
-9.37
8.01
-0.36
-3.97
-4.81
-3.86
-2.36
-8.68
-7.84
4.76
9.16
-3.31
-0.00
-1.96
-6.94
-8.52
3.09
5.62
1.93
3.28
-7.54
3.07
-6.69
-3.07
-8.69
-2.37
4.78
-8.36
-3.88
7.53
8.67
-0.58
-6.14
-7.16
-8.08
7.95
5.92
6.06
-3.17
0.94
-0.48
0.61
8.15
-0.83
-2.99
5.19
2.35
-4.63
3.89
2.38
4.53
5.92
6.05
-0.66
8.63
-7.34
-3.07
8.94
6.62
-2.15
5.10
9.34
2.30
5.40
3.09
0.17
-4.83
-8.45
7.88
3.44
-9.74
-1.96
-6.15
7.31
-0.69
-9.04
8.65
0.82
9.07
-1.56
-7.18
-2.25
2.27
-9.80
-6.48
-2.35
6.93
-7.89
-6.71
2.29
-0.41
-0.99
4.25
-4.46
-1.88
-1.24
8.37
4.87
9.78
-9.34
-5.37
-7.41
9.97
-8.49
-6.53
-5.12
-2.43
-7.74
-0.72
-3.09
2.28
-1.51
1.48
1.91
9.62
-2.26
-5.03
2.63
-0.67
6.98
-9.71
-6.99
2.66
3.17
-5.54
8.41
-5.73
-9.90
2.86
-7.56
4.26
4.70
-7.16
-1.54
6.11
-4.13
-0.16
3.98
5.99
-1.07
6.34
6.05
9.17
-1.07
4.62
-4.33
9.15
5.80
3.65
-0.46
-4.96
-5.38
0.92
7.06
2.96
-6.03
9.77
-9.12
6.98
-4.34
2.85
-1.01
-4.74
8.75
2.34
6.62
6.97
-8.73
-2.48
5.88
-4.27
2.44
0.44
1.48
-4.94
8.82
0.08
-9.54
-8.43
7.26
5.94
-5.74
1.41
-2.04
1.33
1.03
-4.28
-9.29
-2.67
6.47
-9.34
-2.71
7.78
-8.72
7.56
-6.51
-3.95
3.28
-1.04
3.46
-5.77
2.48
6.10
9.88
5.28
-2.96
3.40
2.82
8.85
8.33
-4.28
-9.39
1.33
-6.69
3.91
5.60
-9.22
2.14
4.31
8.28
-2.58
-0.63
-2.21
2.50
0.17
6.66
-5.96
5.23
0.03
-4.75
6.63
3.84
0.78
6.31
4.53
3.96
-2.28
7.21
-4.26
1.25
-4.96
1.96
8.54
-0.02
2.45
3.81
6.15
-8.27
-8.33
8.21
0.22
-2.78
3.44
-5.65
-0.98
4.37
5.71
-6.88
-4.26
5.92
-6.53
9.97
-7.38
9.43
-8.88
0.50
6.57
3.04
7.71
7.11
-8.22
-9.99
5.87
-5.33
5.14
-4.88
-4.96
-6.48
9.84
-3.81
9.49
7.72
3.05
3.68
1.93
-3.16
3.09
1.66
-6.82
9.30
1.78
-6.88
8.68
-4.48
-2.27
2.87
2.34
-1.16
-4.11
1.09
-1.66
-7.56
9.35
0.66
-8.29
0.38
8.71
-8.59
-2.02
-9.16
-5.16
4.42
-7.10
-0.25
0.56
9.45
-7.48
-7.14
-3.12
-1.28
-5.50
4.42
9.46
0.01
-8.91
0.60
0.87
-7.58
-5.38
5.73
4.30
7.69
5.84
-0.43
4.37
-9.63
6.02
3.64
-9.41
-0.14
3.26
4.76
-0.88
7.51
-6.35
-5.99
8.60
-8.06
8.01
9.10
5.41
5.53
4.71
-1.63
4.15
-4.59
-0.73
-5.47
-0.94
-8.02
-8.70
-3.81
-8.28
8.08
-0.46
5.48
-9.07
1.94
5.43
-0.36
-9.77
7.07
-4.00
4.92
-1.22
2.17
6.62
-9.17
-8.83
4.18
-5.71
-7.17
-8.21
-2.29
1.99
1.63
-0.61
3.75
4.89
7.24
7.49
1.06
-1.17
-4.13
6.21
3.08
1.91
7.77
1.21
3.79
9.66
-5.82
-4.78
-4.69
-5.55
1.58
8.04
-9.29
9.84
1.18
0.38
-5.18
-9.60
-8.03
-2.71
-3.51
7.64
-4.69
-3.19
5.11
-7.23
9.32
-0.58
4.80
6.78
1.05
3.95
9.18
8.54
4.65
5.52
9.97
1.57
3.70
1.26
2.46
9.99
5.63
-0.75
1.10
4.44
6.65
-3.54
8.15
8.48
-4.93
1.28
8.73
6.06
-8.83
6.19
-4.83
0.84
-8.04
6.27
-6.02
7.85
-1.38
9.22
-1.53
8.15
-5.00
-7.68
0.15
7.14
-4.76
-7.80
2.01
7.10
8.57
2.88
6.91
-5.31
-0.55
7.79
4.08
-6.18
-8.72
1.27
6.92
4.80
-8.43
5.42
5.23
0.16
6.98
-2.41
4.97
-2.14
6.10
-5.53
-1.34
2.57
-1.72
8.16
-0.38
-4.53
6.50
-0.02
3.08
3.42
2.53
7.54
7.35
7.96
2.42
-9.16
-1.87
4.81
-9.60
-7.11
9.17
-5.47
9.51
0.52
2.26
-5.09
6.83
1.02
-0.19
-4.22
-8.34
0.24
-6.89
6.77
-5.41
-2.25
-0.68
-1.20
5.77
4.69
-9.56
9.69
0.28
-0.06
7.24
-5.22
9.01
-9.76
1.47
-7.00
2.84
9.90
-0.79
9.05
8.60
5.64
8.79
2.41
4.58
2.35
6.13
3.66
-5.94
-4.79
0.78
8.85
4.67
3.89
-4.20
-7.51
-8.02
-5.46
4.45
9.78
-4.80
4.94
-2.95
8.78
3.31
-1.27
0.87
3.02
-0.35
4.17
6.40
5.27
3.08
3.05
3.03
-6.91
-6.08
5.50
-2.81
6.72
2.70
-3.82
-3.73
-9.99
9.87
7.54
-8.79
-4.99
-5.30
5.86
1.12
0.69
1.30
5.50
-7.15
6.73
0.04
-2.83
-1.26
-7.34
-7.52
5.71
5.74
3.24
-2.17
3.15
-1.21
-9.50
9.18
-7.49
-8.10
-6.73
-2.40
8.07
9.79
4.61
-7.84
7.75
-6.64
7.97
-5.90
3.11
-7.93
-7.47
-6.79
2.73
-3.66
8.50
4.54
-5.46
-6.88
-7.17
-6.37
2.64
-2.18
6.13
8.33
4.45
5.50
-8.66
5.30
3.53
-5.24
-5.23
9.42
3.95
7.19
0.10
-5.85
1.73
-4.32
-3.90
0.99
-1.13
4.56
8.57
6.19
-4.14
-5.15
-2.88
-7.25
7.97
-2.33
7.54
-3.98
1.24
8.88
0.22
0.71
-6.40
8.23
5.42
-2.14
-3.16
-4.09
5.79
-0.57
4.99
9.95
-2.93
-0.94
4.78
-2.79
7.27
-3.20
-6.14
1.45
5.16
-3.88
2.22
1.34
-1.28
-8.72
2.68
1.66
-6.04
-6.83
5.86
-9.20
-5.05
-8.29
5.37
7.66
-4.34
3.05
8.87
-8.87
4.04
-0.46
0.48
-4.85
9.25
-9.24
-9.65
2.63
-7.56
-6.42
-3.11
1.26
-8.18
-0.49
-2.70
-5.61
2.57
-2.66
-7.94
-10.00
2.35
-0.73
-0.98
1.04
2.85
8.70
2.66
0.12
-1.87
-2.32
-5.86
1.81
-9.67
-7.75
7.86
-4.48
3.47
-6.30
-9.99
2.22
5.74
-5.98
4.94
-1.90
-8.85
-6.49
-5.32
-1.80
1.05
-1.25
-2.42
3.23
-3.86
9.09
1.35
2.72
-0.40
9.66
-3.51
-2.46
2.01
-0.78
5.32
-5.04
8.63
-9.27
-7.33
-0.61
-0.30
-7.00
-6.55
-8.08
4.38
-8.58
3.08
1.73
-1.10
-4.14
6.11
2.60
9.67
-6.01
8.85
-2.50
-8.17
-1.95
-8.39
4.58
3.98
3.23
6.00
7.48
9.61
5.73
-6.80
3.22
5.99
-1.26
8.60
-9.25
-8.97
-5.61
8.49
-6.72
8.73
9.71
4.52
-2.47
3.96
4.94
1.41
3.04
7.08
-7.87
3.63
4.59
-0.90
2.20
6.66
0.97
-2.09
8.63
-1.54
-6.87
-3.64
-4.10
6.68
4.86
-7.37
-9.30
-2.56
9.18
3.67
4.21
1.07
-6.54
2.26
3.44
-9.40
6.49
8.30
-0.22
8.58
0.60
-4.97
-7.10
7.77
-8.09
0.71
-1.80
1.53
-8.11
6.45
-4.25
9.27
-6.70
-9.17
9.06
-7.20
3.77
1.87
-8.39
9.12
9.90
-3.03
9.45
-4.75
5.26
-8.41
-2.19
-9.23
5.24
7.07
-0.01
-6.30
1.99
-1.58
6.62
-4.74
2.50
-7.44
3.33
9.33
2.93
-2.25
5.06
1.95
2.44
-5.30
5.15
-3.27
9.48
-9.84
-2.86
1.70
3.77
3.39
-2.29
-6.76
7.11
6.44
8.61
2.62
6.03
8.50
5.85
0.99
-0.46
5.25
-5.73
8.22
-4.99
3.70
-4.49
1.33
5.35
3.12
7.70
8.14
-9.39
2.79
4.74
1.74
-2.89
-2.93
-6.45
1.35
-2.76
8.53
-2.79
-4.66
3.05
-0.32
2.27
-8.15
-3.26
-6.03
-1.77
-7.18
-8.80
6.67
7.42
-3.11
3.72
-3.74
-6.71
6.90
-4.01
-3.03
5.40
7.62
3.49
3.01
9.04
9.25
7.44
5.30
-2.26
2.37
-7.58
-8.91
-3.19
0.00
2.76
7.27
-4.15
-7.70
0.87
-2.04
-1.35
9.65
0.55
-3.07
8.29
-0.38
-1.46
5.53
-4.17
-6.46
-2.66
-3.16
-9.46
8.28
2.39
-3.56
-0.14
-1.20
6.85
0.69
-2.75
7.19
7.02
2.92
5.98
3.79
1.54
8.34
-2.97
5.93
-2.46
8.12
9.23
-9.92
-3.21
-6.58
9.72
2.91
5.01
-0.09
2.92
6.90
-2.48
3.40
6.09
6.14
4.27
-2.74
-0.36
8.04
7.37
-7.83
-9.79
6.36
-5.61
8.99
-5.17
1.40
0.30
5.11
4.12
2.81
1.51
5.18
-7.26
-9.16
-5.25
-3.33
-4.84
1.38
4.27
0.94
-5.04
-9.29
-9.74
0.46
5.70
5.35
1.67
-7.23
-8.53
-7.23
6.64
-8.17
5.41
-1.44
3.49
7.38
-5.91
5.64
5.60
2.93
6.05
1.16
3.15
3.01
-7.44
6.77
-5.11
-9.71
-1.29
-2.24
-6.88
3.25
-6.98
6.87
-5.09
-5.08
-6.42
-1.83
2.80
3.42
-0.97
6.89
7.92
-5.13
2.24
-9.41
-1.07
9.32
-4.90
7.46
9.61
-9.71
2.37
7.31
8.46
8.61
-7.31
-9.16
3.28
1.07
5.07
2.92
3.95
-5.36
-1.27
-4.63
-3.53
-3.16
4.63
5.01
-8.54
2.76
6.65
2.44
0.11
-0.40
-9.28
-2.63
0.92
-0.87
9.85
-4.07
-9.87
-1.20
3.26
-4.29
-0.93
2.11
-2.22
-5.84
-8.36
-1.13
9.59
-4.16
4.81
-4.00
-5.59
-5.65
5.55
-0.63
4.32
-5.62
7.08
-2.53
-0.73
9.59
-2.29
7.49
-8.49
1.97
5.31
-5.70
-9.07
-1.76
-9.43
3.18
9.53
8.96
-7.77
-3.26
-6.92
5.95
-2.72
-3.27
-1.77
3.65
-0.66
1.37
2.96
0.07
-1.63
-1.18
8.77
2.93
4.74
7.37
2.47
-3.39
0.88
3.10
-4.11
-4.46
3.56
5.40
-8.41
-0.30
-0.01
1.30
-7.40
-2.24
0.82
-1.11
4.47
-6.45
3.17
-9.23
7.56
1.57
6.84
-2.11
7.93
6.89
-3.19
-5.40
4.74
-4.57
-4.87
5.40
2.43
9.92
-4.62
-5.86
5.74
-2.60
2.78
-3.84
5.65
3.76
-6.94
-5.87
-5.45
0.93
-6.67
8.05
-1.53
2.45
-2.12
0.26
4.81
-7.02
2.20
5.85
-6.53
7.33
8.34
9.25
9.58
4.77
4.55
-2.40
5.99
-5.95
-7.40
-8.58
-6.41
-5.02
5.67
3.42
7.62
-8.01
-9.92
5.78
8.04
5.45
-6.10
-3.16
2.20
-3.76
-4.39
7.59
7.81
9.36
-4.03
-1.35
4.38
-7.98
6.08
8.46
-8.71
-8.02
-5.05
3.16
0.59
-8.33
9.56
8.91
2.61
3.82
-9.41
-2.87
-7.42
4.08
-3.03
3.48
-3.62
6.38
2.26
-8.99
3.43
-3.36
-3.80
-1.74
5.03
-9.67
-5.71
2.81
6.08
9.71
8.75
1.00
8.50
6.19
3.88
-5.59
-5.70
3.56
8.89
3.68
6.54
7.60
-8.49
0.40
-3.73
-2.16
5.28
-2.41
-6.50
6.95
-6.19
9.43
-9.46
3.50
5.10
0.92
-4.46
3.62
-1.05
-2.01
4.59
7.28
0.73
-1.20
-9.57
4.69
4.54
-3.24
-4.19
8.64
-1.12
-4.08
9.81
-1.87
-1.98
9.44
-4.97
9.22
-7.82
1.59
3.96
-1.52
-0.46
4.10
-7.46
-5.20
-6.61
7.33
9.07
5.11
7.36
-3.03
6.60
9.73
-8.00
-3.10
-3.04
-7.13
5.74
8.77
-5.55
3.93
-6.60
8.97
7.43
-4.68
-4.66
-6.41
5.85
-7.72
0.46
-7.91
2.94
0.43
6.07
0.14
-0.94
6.63
-2.23
-7.63
5.94
-1.22
-7.45
5.65
-0.61
0.21
-1.83
-6.52
-1.41
4.24
-8.08
2.15
0.17
4.61
-8.03
9.26
5.05
7.24
4.31
-4.69
6.33
-0.77
-1.44
8.82
-3.75
0.39
-4.34
-4.20
0.37
-6.78
0.57
-5.94
-2.87
-3.26
3.17
3.06
-9.14
-0.05
0.46
9.82
-3.57
0.46
3.14
1.68
3.53
3.95
-0.26
6.39
-1.05
-9.94
1.41
-9.80
-5.30
0.36
0.52
-5.37
0.31
-5.94
6.19
2.44
7.33
6.92
9.75
-6.46
4.21
-0.77
3.51
1.35
9.58
8.34
5.76
-9.66
2.22
-8.71
-4.90
5.31
-4.27
-6.63
7.47
-6.96
-3.98
8.07
-1.28
6.97
9.80
4.14
6.02
-4.49
2.18
5.27
-8.85
4.58
-8.52
-1.81
-1.12
-4.93
-0.60
-5.37
-6.52
5.81
4.69
2.89
6.52
2.60
-1.66
-5.37
-0.91
4.10
8.60
2.40
-8.45
5.04
-6.21
-6.28
3.98
7.46
-8.88
-2.88
0.34
0.55
-0.47
5.99
-0.33
-0.18
4.92
-4.35
7.17
6.04
5.54
-0.59
8.61
-5.17
5.99
-0.77
0.88
-2.75
-2.23
-3.50
2.07
2.23
-5.43
-1.29
-5.99
1.35
0.41
7.54
0.52
6.64
-1.25
4.00
-5.58
2.01
0.69
-3.71
-3.50
-1.09
0.44
6.00
-0.55
-3.04
-3.91
-1.81
0.05
-0.06
3.89
-8.90
-7.43
8.09
4.13
-8.96
6.60
-2.99
6.72
8.08
2.48
4.04
-5.34
-1.78
7.31
-7.40
-6.57
7.59
4.80
-4.78
4.58
4.39
2.01
5.74
-8.60
-5.89
6.17
1.46
-4.87
3.72
-5.41
5.80
9.44
-9.60
-9.07
-7.96
-8.33
0.53
-9.14
-1.12
-1.25
-5.58
-9.78
-1.70
5.93
2.55
-1.05
6.55
-3.49
8.84
-6.35
-1.33
0.74
6.62
-7.78
-2.72
-8.17
2.95
3.42
-3.69
-2.62
-3.15
-5.36
-9.81
-5.71
7.12
-9.03
9.15
5.26
-4.65
8.66
-8.61
4.98
-0.23
-3.86
-7.53
-5.76
5.47
5.65
2.84
9.97
6.81
8.77
-6.03
9.37
7.43
-1.26
3.68
-3.65
-6.40
-7.12
1.41
8.17
6.57
-1.78
4.00
-9.25
9.39
-6.71
2.58
0.39
-5.96
9.46
-8.77
0.35
4.29
4.74
-2.01
-9.75
0.03
-6.73
8.94
-3.60
-1.30
3.59
5.86
1.27
-0.59
8.82
8.17
0.21
5.31
1.91
-0.25
3.47
-10.00
-1.01
-8.73
-8.28
3.48
4.12
-1.37
3.17
3.24
-1.70
8.21
0.44
6.26
6.17
9.44
-4.76
7.40
3.28
5.42
-0.96
-0.17
-2.84
2.17
-2.13
3.26
5.35
7.12
-0.68
-4.59
3.44
-2.52
9.86
-7.62
6.25
9.14
-9.26
-6.25
-4.67
6.71
-9.65
-2.29
-4.11
5.26
1.44
2.11
-3.80
4.51
1.09
-3.12
-7.24
6.01
1.74
3.63
-5.87
-6.09
-8.77
7.83
6.82
-9.96
-9.83
-0.63
-3.94
3.86
4.56
7.07
4.88
7.91
1.98
2.72
4.40
-0.63
9.30
0.36
-1.48
-1.55
0.17
6.35
-3.79
4.05
-9.66
5.90
-5.57
-2.45
8.97
1.68
4.82
-4.83
4.02
-9.94
7.35
-0.46
9.89
-9.19
3.97
-8.72
-4.60
-4.43
-4.56
-9.03
0.23
-8.98
-5.56
-7.71
-1.99
2.20
-1.85
-3.05
-5.92
-8.34
-6.77
-8.02
-3.87
0.02
-3.35
0.01
5.84
3.66
5.15
3.18
9.56
-4.95
-3.29
-8.62
-3.74
1.44
-3.00
-4.74
0.84
7.48
-5.94
-5.16
0.91
-2.61
-5.81
4.24
5.10
2.38
2.32
3.08
1.24
8.82
-0.11
-4.60
2.25
-7.09
3.38
6.47
-1.92
-2.61
-3.34
-1.69
-8.24
-4.01
0.26
-5.59
7.64
1.11
-9.39
-5.58
9.98
0.54
-7.46
9.19
0.05
-1.28
-1.99
-2.84
9.81
8.17
-5.75
-7.72
0.35
6.74
-5.54
4.50
3.08
6.36
-5.79
3.15
-7.97
8.82
6.53
4.02
5.20
-5.78
-1.00
-9.35
3.05
-2.21
5.87
-9.47
2.51
0.62
-1.72
-3.20
-5.69
-9.98
5.88
-3.92
2.02
-5.04
-7.28
-6.91
-9.28
-7.54
0.84
-7.40
3.65
-9.68
4.37
9.40
-5.31
2.02
7.55
6.94
-4.96
-0.80
9.57
-4.78
2.13
-2.42
9.49
8.48
8.79
1.72
-5.68
-6.45
1.00
4.41
3.41
9.18
2.20
6.28
-7.81
7.21
-7.69
-8.87
8.53
-3.85
-0.38
2.83
4.70
-2.33
-6.36
-0.83
-1.85
-3.21
-2.90
8.52
4.21
-3.65
5.12
4.71
-6.20
-3.71
9.76
5.93
-0.69
8.49
-1.98
-6.85
1.84
7.74
1.49
-6.23
2.72
9.45
5.69
6.05
-7.31
-5.26
-2.75
-9.94
1.67
-6.44
-2.89
0.59
2.38
6.43
-2.19
7.87
-9.20
-4.58
-7.07
1.52
-3.26
5.08
-2.97
3.51
7.54
3.76
3.92
5.62
-1.97
6.20
1.63
-2.80
10.00
7.74
-7.95
-1.37
-5.93
-8.94
-6.55
6.32
-2.62
-4.21
-6.03
4.73
9.91
-8.17
-5.79
-8.90
-7.16
6.94
7.05
8.50
1.91
9.13
-7.21
-7.19
8.90
-5.35
-2.15
9.32
-5.53
2.08
-5.03
4.46
-4.67
3.14
-6.79
8.40
-0.92
-9.07
-4.26
-5.96
9.54
-3.81
-6.32
8.16
-3.97
-7.89
-6.00
0.16
9.46
-1.48
9.61
4.23
-1.50
5.82
9.89
0.33
8.94
9.56
-0.38
9.89
-0.75
-3.93
4.53
-8.41
-4.33
9.83
-8.38
-6.98
-0.28
3.31
2.27
3.76
-8.50
-0.27
6.35
5.55
1.67
9.50
-4.53
5.14
-4.60
-9.10
3.38
5.44
1.35
-4.34
-8.21
0.68
8.81
-9.99
9.62
-8.93
6.13
-8.06
3.91
2.72
3.56
-4.87
-9.65
8.28
-6.36
0.27
1.81
-5.83
-7.77
4.51
2.71
9.75
-6.63
9.35
7.57
4.24
1.04
-2.03
-8.25
6.98
-9.09
2.29
-7.42
-3.41
5.30
-9.34
8.92
-5.24
-5.54
-3.36
-2.65
-9.88
7.21
-0.54
-6.90
8.09
4.10
-2.98
-6.23
-7.94
-3.68
1.73
-5.90
-8.33
3.32
0.15
9.83
3.79
-7.61
6.71
-1.29
1.82
-6.75
-7.53
-3.04
-1.05
-9.20
-0.70
-0.84
0.94
9.23
0.19
-0.27
-5.81
-9.58
-3.61
4.18
4.49
-0.01
-8.14
8.16
-7.63
3.99
-4.25
-7.48
0.40
9.31
-6.50
-7.55
-1.74
-8.93
-2.75
8.91
1.06
0.08
-3.90
0.28
6.72
-6.64
-3.19
2.64
7.76
1.04
-4.24
-3.46
3.45
-7.37
-7.39
8.56
7.63
-4.16
6.27
5.64
-1.86
-8.90
4.01
-9.45
3.12
-5.25
4.13
-3.77
-9.78
-5.67
2.84
7.60
-6.07
8.73
6.18
8.49
7.03
-3.37
-2.77
2.28
-8.53
6.13
-0.34
3.90
-5.46
8.90
7.92
-8.22
5.81
-8.21
4.81
-2.51
0.55
9.10
-2.87
1.42
5.16
8.70
9.90
-7.40
-9.61
-4.95
9.85
0.66
7.77
2.16
-1.15
-1.81
-4.89
-0.12
7.71
1.61
6.44
6.36
-8.70
8.55
-7.76
9.93
-4.75
0.06
5.44
-6.41
-4.82
5.59
-1.10
5.09
-1.20
-1.00
9.95
5.84
-8.22
3.62
-2.41
1.72
-2.22
-5.39
8.06
8.94
-6.63
-3.41
-5.66
-1.96
8.54
4.80
5.19
9.22
-6.78
7.86
9.44
2.03
0.67
0.21
-8.96
-7.35
8.20
2.48
0.62
1.80
5.88
-2.25
-0.94
6.45
-6.10
1.97
-1.21
-1.52
-0.76
-3.42
-1.60
3.28
-7.86
1.51
-3.80
1.63
-6.90
-3.36
-1.66
7.82
-8.91
9.82
7.16
7.14
3.36
-0.31
5.29
5.97
-2.16
-8.69
1.27
-2.44
8.32
-7.22
-7.81
-3.53
3.47
-9.06
9.07
5.07
-0.01
-5.68
0.50
5.00
0.66
1.43
0.30
-3.19
7.95
2.54
-5.35
0.89
-6.30
-6.95
-5.45
2.81
-4.36
6.55
8.97
-3.79
1.15
5.85
4.51
6.35
9.22
-0.18
7.15
7.43
-9.14
4.48
-8.36
-3.13
-1.10
-3.77
-5.77
-0.44
7.57
-4.56
-5.62
5.36
-7.29
8.55
1.00
-7.21
-7.01
6.79
8.88
2.24
2.93
9.50
0.98
-8.38
-1.65
-9.51
2.15
-2.24
4.80
-4.78
-0.12
-3.48
9.55
7.14
-2.18
4.88
7.96
-8.70
-2.46
-1.95
4.64
-6.77
-5.69
4.69
0.19
1.33
2.38
-6.49
3.98
-9.09
-4.46
-5.76
3.79
-2.14
-1.63
6.10
-7.24
0.27
-5.88
-2.99
4.39
-4.05
4.46
6.53
-3.86
-5.90
7.08
-4.26
-7.71
9.18
6.55
-2.84
6.75
-4.85
4.08
7.83
-3.73
8.17
1.95
-1.33
4.84
-4.09
8.05
3.26
9.91
1.58
-3.70
-0.83
-9.17
0.83
8.46
4.95
-9.53
-0.37
-6.93
5.88
-9.64
-8.83
7.01
-8.32
-9.85
0.13
-4.53
-0.78
-8.08
-7.83
-4.20
3.43
-0.02
-3.01
0.93
9.48
-3.11
2.90
8.06
9.34
6.10
-8.78
8.05
-4.03
2.13
8.45
1.36
-1.95
-1.39
4.46
-3.97
8.62
-4.93
-5.23
-6.70
-9.42
-7.09
-4.98
-3.35
-7.81
1.28
5.87
9.70
-4.21
3.49
-3.69
-1.27
-7.18
4.52
3.62
5.34
8.19
-9.71
-2.02
5.03
7.25
-0.64
-9.97
-2.88
8.39
-2.45
9.32
1.78
-5.57
-3.74
-8.04
9.79
5.95
5.06
5.36
0.57
9.64
-0.91
8.45
-5.83
4.80
-7.94
-4.68
-7.17
1.17
-4.72
0.45
-2.21
-8.89
-6.45
-6.31
-3.21
9.42
-1.64
3.08
8.16
3.70
9.11
-6.32
-3.10
8.60
3.02
0.42
8.45
6.91
4.22
3.29
-4.17
-9.22
-7.25
2.77
5.67
6.00
4.10
3.80
-1.12
-7.36
-0.15
6.38
-8.58
5.05
0.06
-9.21
-9.03
4.50
-1.94
-4.23
-4.97
7.33
8.27
-2.37
6.07
2.05
7.59
8.47
9.34
-1.78
1.14
1.57
9.14
0.45
-7.24
2.27
8.84
-9.45
-8.85
-7.84
-9.38
-9.04
-7.98
5.02
0.38
-7.43
7.12
2.34
-6.63
0.12
0.54
6.86
6.42
-1.75
3.11
1.92
-7.89
-8.66
5.33
-4.98
0.69
0.24
-0.30
-6.42
5.36
9.09
-7.23
-8.95
-3.60
5.23
-2.16
-8.55
-0.05
5.50
8.70
-9.38
6.94
-8.15
5.17
2.06
7.91
9.54
-8.98
5.76
-0.88
-8.96
-5.15
7.88
-4.04
-1.37
-5.28
9.63
-1.18
8.98
-3.11
-6.66
7.46
-7.23
9.54
3.82
9.22
-7.56
1.97
-6.67
-3.15
-8.76
9.95
8.04
1.51
-3.29
-2.22
4.26
-3.40
-8.33
-2.20
-7.52
-1.94
-4.07
-2.16
-2.50
-3.31
-8.28
-2.64
-7.51
8.19
-3.93
2.83
-4.54
-3.46
-6.78
2.94
5.91
-3.71
-9.77
-5.57
-9.91
9.46
8.80
-1.08
-7.21
2.58
-3.42
1.62
3.88
-0.38
-8.98
-7.66
-2.32
-3.70
-1.23
-0.47
-6.63
-8.50
4.04
-2.01
-5.59
1.39
8.75
0.77
-4.78
-8.18
-2.25
-3.99
-6.71
-5.27
-7.77
-0.75
-5.35
4.04
4.40
1.92
-9.03
-3.17
-3.46
6.50
-3.51
-4.74
-2.28
9.21
2.64
-5.00
1.02
0.52
-1.26
-4.30
-5.36
4.46
-3.20
-0.88
9.91
7.09
8.49
-9.34
-0.68
-5.13
-7.45
9.77
7.75
-6.41
0.53
4.97
9.90
8.35
-0.66
-1.00
-2.73
-4.63
-1.70
-0.09
7.56
6.12
-0.75
3.47
-0.22
-5.47
-2.56
2.73
8.18
7.76
-8.27
-9.79
-1.96
-8.73
-8.20
8.52
-3.48
8.79
0.89
-5.22
1.68
7.72
1.92
-5.26
2.80
-9.22
5.25
-8.00
-4.92
4.28
6.13
8.13
1.91
3.89
-9.97
-0.86
7.76
8.39
-6.03
4.16
-5.04
1.98
1.87
-8.37
7.27
-4.06
2.26
-0.99
-6.47
-9.85
6.15
-8.75
-5.44
5.06
-6.40
-6.00
6.21
4.86
6.71
6.86
1.92
2.41
-2.59
-7.44
7.79
6.47
8.14
7.56
-6.68
2.07
-6.59
9.68
-9.08
4.36
0.54
8.46
7.34
-3.14
-2.37
-6.16
0.20
-5.53
6.80
8.79
2.54
2.11
-9.01
1.49
8.85
9.39
-7.67
2.71
5.34
-7.93
-9.77
4.01
-2.15
0.94
-2.65
2.41
0.42
8.67
1.50
7.11
-2.41
-4.73
-8.33
-6.10
3.65
2.88
-3.69
2.87
-8.03
0.39
-8.08
5.14
-2.59
8.55
-9.88
-5.90
5.09
6.29
1.35
6.82
8.53
8.70
3.27
-8.63
-9.64
-2.50
-7.94
5.48
8.66
-5.61
4.58
2.40
2.14
-1.83
9.80
9.28
-2.82
-3.99
-2.70
-5.93
9.93
9.66
1.22
6.17
6.57
7.14
7.66
6.83
-5.09
0.59
3.64
-5.40
-9.69
0.86
-4.13
1.68
9.19
9.46
-2.71
6.71
-6.74
-1.42
9.65
-0.40
-2.61
-0.32
0.13
4.08
4.57
-8.63
0.24
-6.46
0.77
7.18
5.05
5.86
-6.94
-6.20
0.90
-7.19
3.93
0.48
-0.30
9.55
5.11
-9.77
7.96
0.11
3.88
-6.71
8.70
4.15
5.05
-6.30
4.29
0.92
1.74
9.52
-1.55
-4.14
-1.94
-2.79
5.37
5.50
-3.16
0.96
4.36
6.33
-4.47
-2.46
7.76
3.29
3.38
-2.75
0.64
3.34
3.00
-8.37
0.11
9.94
9.56
8.55
-7.45
3.96
-9.48
5.35
-3.25
6.67
-0.75
0.56
-8.81
-9.66
5.53
-5.11
-6.40
-7.70
-3.92
2.13
-9.27
-2.18
8.27
0.52
6.77
7.66
-9.89
5.31
8.20
-4.28
9.68
-7.02
-6.47
-7.42
7.00
-2.05
5.76
0.47
-8.25
-7.76
-4.14
-4.71
-0.41
8.78
-4.58
1.35
-9.52
-1.08
6.42
-5.59
2.07
4.96
6.39
-1.30
1.18
-1.97
-2.90
-6.58
6.63
2.21
-5.23
-5.41
6.44
-4.66
-9.96
7.57
2.59
7.31
-4.17
-3.92
6.47
6.22
-8.89
3.34
-1.95
-6.73
-1.19
-9.16
-7.96
-3.08
5.97
-9.56
4.01
6.84
4.17
-4.56
-0.21
-1.54
-1.46
6.20
1.03
8.61
3.31
-4.02
-9.77
-7.09
-7.93
-7.43
8.35
5.59
0.92
1.36
8.02
-7.76
-7.40
5.53
-4.43
-3.72
-0.33
8.91
4.95
9.64
-5.00
-2.89
-3.26
8.28
7.52
2.67
5.27
3.34
-8.49
9.76
7.05
8.31
7.47
4.03
-6.39
-7.01
2.71
3.36
1.92
4.85
9.81
-5.03
5.37
8.40
-8.94
-5.33
-1.32
3.16
6.93
-6.24
-0.40
-9.06
-3.09
9.26
0.71
-7.08
-9.45
3.12
-5.61
7.33
-2.95
5.96
4.05
8.24
-8.53
-8.99
4.78
-3.99
5.64
-6.14
6.56
0.30
1.90
3.73
3.12
5.91
-2.17
1.70
-0.43
2.39
0.15
-8.29
1.99
7.82
-4.30
-0.13
2.00
7.51
-2.05
7.67
-0.43
-1.79
-3.19
-5.17
-2.98
-1.58
-9.81
-2.69
7.54
-4.46
5.20
-3.89
-8.83
-9.74
7.20
2.56
1.48
9.12
4.91
-4.31
-3.98
5.58
9.50
-2.76
-6.27
0.41
-3.99
0.04
-7.69
1.95
5.07
-4.71
8.82
-3.13
-6.90
-5.51
-3.44
-7.96
9.12
-8.54
1.33
-1.75
6.32
0.25
-9.74
-3.82
6.38
-5.49
-3.70
-4.51
4.88
3.83
-8.53
7.45
-4.21
-7.08
-7.91
1.95
3.09
-1.02
8.97
9.25
-2.14
-6.89
5.82
-2.66
8.82
1.19
-1.08
5.39
4.38
-9.90
1.22
3.97
-5.42
-5.41
3.98
2.65
-9.31
-9.25
-0.95
-4.39
-9.01
-8.56
-5.04
5.88
-9.55
9.46
9.94
-1.18
2.82
4.06
-5.06
5.55
-7.07
-3.64
9.84
6.79
7.52
9.32
5.95
-2.12
2.72
-2.00
-2.10
5.62
-3.83
5.53
-1.91
-2.65
2.05
-9.41
-3.18
-6.80
-2.93
1.96
1.15
1.82
-4.45
5.70
-4.23
-9.49
1.73
0.75
-1.21
-9.89
-2.54
8.40
-4.20
5.48
-6.65
-8.63
5.14
-7.94
1.49
8.06
-2.32
9.26
-2.09
-2.39
3.99
-8.88
-7.02
1.46
-7.67
5.09
-2.39
-3.04
-9.64
-0.60
3.74
8.58
-6.28
9.65
6.93
-7.37
-5.27
5.32
9.32
0.73
-5.79
6.82
-8.88
-2.01
9.60
-6.40
8.69
1.29
2.49
-5.93
7.26
-6.52
-1.32
-2.11
6.62
-1.09
3.94
1.26
7.71
-3.88
8.50
5.85
-1.64
-6.80
3.54
1.98
6.19
1.44
2.59
-3.31
-3.06
-7.04
-8.75
-2.66
6.24
-2.09
-1.94
-8.71
2.95
6.85
9.90
-7.62
-7.72
-6.06
4.82
-5.24
-3.25
6.61
5.60
4.80
3.10
-2.72
7.13
-8.48
-6.68
2.77
0.59
6.37
7.89
7.03
7.82
-7.14
-0.57
-7.17
8.68
-3.30
4.74
-1.96
-5.11
-2.94
-6.51
2.00
-6.90
9.60
1.67
-2.11
-9.34
1.92
7.78
-3.63
6.91
-8.08
0.13
-3.63
3.40
9.89
-6.83
8.61
-4.11
-5.18
1.04
7.36
1.50
5.59
6.49
-3.79
3.93
-2.34
-6.71
3.36
-9.93
5.93
0.21
-7.86
0.91
4.31
4.74
2.38
-9.90
2.69
-5.29
8.11
-6.90
-8.05
-4.22
7.45
0.13
-2.44
-6.89
-9.82
-3.94
-7.55
-4.72
-1.46
0.34
9.76
-1.53
7.07
-9.98
6.14
-0.82
-3.00
-0.80
-3.91
-6.43
-9.20
-2.24
8.18
-8.54
2.56
2.66
3.53
3.22
9.88
5.01
7.38
7.65
2.73
5.73
-5.72
-1.06
-4.93
3.35
-2.49
0.86
-5.21
6.66
3.40
6.32
-2.45
-4.39
1.16
-9.67
0.23
3.53
8.83
-5.28
-0.40
3.71
6.03
-7.62
-8.28
-6.52
-6.00
9.56
-2.14
-0.90
-6.22
-6.04
-7.49
-5.74
2.90
7.08
-1.01
-4.36
1.38
8.67
8.46
8.41
7.64
-8.38
7.87
4.98
-5.12
-4.72
-7.57
9.92
8.57
-4.63
8.34
-5.55
-4.21
-1.29
1.27
-6.68
6.82
0.63
-3.64
7.47
-0.12
-6.42
5.24
5.38
9.39
4.60
5.76
6.42
8.54
-9.78
-9.98
-0.81
6.74
6.61
6.40
-1.97
-7.43
3.18
-8.91
-9.15
2.85
-2.08
-5.11
1.30
8.51
2.26
0.74
-1.42
-2.20
-6.03
-2.20
-2.15
7.52
5.97
7.50
4.39
2.87
9.17
7.35
4.82
-3.37
-2.36
8.07
-1.81
8.09
-5.91
9.63
-9.69
-7.37
3.84
-8.15
4.43
2.34
-4.66
5.28
-8.80
8.39
-4.52
-2.20
-8.72
5.90
-2.27
2.73
-6.43
-8.35
-8.75
3.96
2.22
-4.43
9.09
3.84
-4.40
-3.62
3.68
9.34
-9.77
2.20
7.55
2.18
-7.03
6.61
7.67
8.47
-5.61
0.83
-8.74
-6.33
6.70
-7.26
-8.56
-1.76
-0.96
-6.81
-9.33
-0.18
-6.40
0.37
-9.87
-2.56
-4.58
2.83
3.31
3.43
-0.87
-8.33
1.74
-1.33
5.79
2.72
-8.93
-3.23
-7.22
-0.86
5.70
-7.19
-9.89
-4.76
-0.09
2.31
6.00
-8.02
3.85
5.96
-4.85
4.86
2.19
5.89
-7.45
-5.09
3.97
8.90
6.15
3.15
1.38
2.47
-8.59
-0.50
5.82
-0.96
0.92
6.39
-0.64
-5.71
-7.83
8.01
9.60
-5.10
6.55
5.62
6.18
1.60
2.91
9.68
7.01
3.00
-1.51
9.26
-7.68
5.85
0.63
9.59
-5.25
-2.61
2.21
-1.86
3.47
5.40
4.06
9.99
-9.45
-8.45
-2.65
-6.88
-2.25
3.71
9.15
4.12
-8.34
2.85
4.34
-4.86
5.55
-9.93
6.87
2.52
-4.12
9.53
-6.42
-2.18
-8.28
-7.24
3.68
-8.12
5.08
0.12
-2.97
-7.49
0.39
4.81
4.35
6.39
-8.80
-4.59
2.39
5.90
2.21
2.16
-2.61
-8.50
4.80
2.92
9.71
-9.92
4.13
-5.64
2.95
0.31
6.03
3.82
-9.44
5.12
1.64
7.80
3.18
2.38
-1.83
-7.61
9.66
-5.87
-6.43
1.42
-4.87
5.06
3.65
7.99
9.00
-9.11
-0.67
-5.14
6.17
7.30
2.55
-0.50
-5.49
-0.12
-1.32
9.23
-8.18
5.99
-6.35
2.29
5.20
8.86
-5.99
0.26
-3.79
-5.20
-2.12
7.64
4.76
-6.01
-4.92
4.04
-5.08
-4.49
4.40
4.74
-4.24
-2.65
6.32
-4.81
0.39
1.80
-0.91
-4.92
-3.76
-2.93
-3.44
-2.41
9.81
-4.39
-4.43
-0.52
-1.11
9.87
-8.68
7.58
-4.49
-4.01
8.69
-2.54
-7.35
6.17
7.58
9.65
-2.16
0.36
-9.41
-0.73
6.88
-2.35
-9.00
4.63
0.59
-1.60
9.20
-9.70
-1.99
-2.69
-4.24
-9.54
8.85
-1.63
9.22
8.04
-1.36
-7.90
6.75
-4.70
9.41
5.89
-4.30
-8.48
9.22
7.93
4.38
3.31
-6.35
-4.65
-0.01
3.31
-7.82
7.32
-8.14
-7.19
2.93
-6.36
8.30
3.92
8.54
-0.58
4.90
6.98
-3.49
-3.44
-7.30
-1.24
-2.90
2.62
4.05
-2.89
1.88
-2.38
4.64
-2.35
-3.95
-0.39
9.43
-1.75
7.71
9.35
-9.04
6.70
7.12
4.99
-2.03
-2.55
-0.81
-2.84
-7.58
-7.20
2.20
5.30
3.23
-5.58
-4.03
5.63
4.68
0.56
-7.46
-8.37
-2.36
-5.20
-7.48
-2.62
1.86
1.79
0.30
4.70
-2.74
-4.21
1.02
4.38
2.53
-2.58
-7.23
-7.58
9.04
4.42
-3.23
-8.25
-1.77
-8.04
-1.02
-0.01
0.61
8.18
6.05
-5.86
4.49
0.47
8.84
-7.54
-7.47
-1.70
-3.45
4.52
-5.66
8.01
-5.24
9.80
-6.94
5.40
-9.77
-4.47
-5.68
1.56
-4.15
-5.49
-4.59
7.71
-1.29
-6.70
3.03
-5.47
4.49
-8.32
-2.46
-8.23
1.19
3.76
-7.92
3.65
-4.48
1.55
4.38
5.66
4.81
-8.50
9.68
-1.51
-2.14
4.64
-7.36
4.65
7.57
-8.93
6.60
3.35
8.67
-0.74
-1.95
9.43
3.66
-9.15
4.72
-8.24
9.95
-8.36
5.13
-3.15
-8.55
9.31
8.02
-6.61
7.72
-1.51
-0.54
3.06
3.78
3.90
-3.89
-6.44
-6.35
2.08
2.43
-0.75
0.92
-7.63
0.24
5.14
9.20
-2.19
8.54
-0.16
5.91
6.54
1.85
-6.97
-7.76
-5.70
5.13
3.19
2.52
-1.28
-6.50
-8.90
6.22
5.97
-5.34
4.81
-4.46
0.46
2.48
-8.34
-8.19
-1.90
-0.52
3.04
-6.22
-6.09
-3.23
7.40
1.01
4.43
9.09
-2.72
-4.63
-4.33
-6.42
5.84
-6.17
-2.79
9.91
-1.33
-4.30
-6.94
-9.66
-3.69
-2.60
9.82
-2.48
-6.68
-2.18
-7.00
-1.74
9.35
7.62
-8.19
-8.52
-2.03
5.28
3.33
-1.70
8.73
-6.69
-3.50
-7.45
8.24
-2.44
6.62
-0.30
-4.16
2.84
1.03
2.45
-0.68
7.95
6.50
1.00
6.68
-6.73
-1.01
6.18
-0.85
3.96
6.50
-6.43
1.33
2.01
5.44
-3.27
-5.87
-9.83
1.38
7.60
5.85
0.92
-5.46
2.36
7.36
-6.36
0.93
0.63
6.76
-7.00
9.56
-3.62
9.29
-8.17
6.36
8.54
-1.99
-8.51
5.56
9.42
0.97
2.94
-0.96
-0.87
0.42
1.53
4.35
4.15
9.72
-1.18
1.91
8.06
-6.39
4.31
2.18
-7.38
-2.65
0.40
-6.74
-2.60
0.49
3.68
9.72
-4.06
0.84
-4.48
-6.93
-3.33
4.20
-4.69
4.71
6.63
5.60
-0.67
1.84
6.29
-2.45
-1.64
-2.99
-6.68
-8.92
-2.76
-8.06
3.68
4.99
9.54
6.18
8.04
9.09
-9.76
-8.63
-8.31
-2.96
-0.15
-8.46
-4.00
-5.62
2.83
0.19
9.69
-2.71
-6.36
-5.21
7.85
7.94
-6.62
-0.75
7.03
1.80
-9.72
-4.96
-5.60
-7.33
7.06
-8.43
-0.91
-8.92
8.33
-3.56
3.96
1.56
-8.80
-3.82
5.78
-5.46
-7.87
8.20
2.06
-1.58
-6.79
-5.59
-7.44
7.44
0.97
-2.77
-6.29
-8.93
0.91
8.72
-6.05
0.36
0.73
-6.84
8.20
-2.93
5.52
-5.93
-0.44
1.11
-2.00
5.96
6.34
1.88
6.93
1.71
2.59
9.24
-3.24
-4.00
-9.78
9.60
1.71
-4.47
-9.15
2.94
-2.53
-3.38
-4.50
6.15
-6.59
0.85
0.28
-1.46
-1.25
9.24
6.16
-5.02
5.49
5.80
-9.03
2.42
1.51
-9.11
-8.24
5.29
-3.28
-4.88
5.65
-4.49
-4.41
-5.65
7.23
-7.30
-0.97
-3.51
-9.25
-9.81
8.88
0.66
-4.89
-7.52
-2.04
-0.65
-0.13
-0.21
-0.99
4.24
-9.68
5.25
-4.51
6.26
-0.18
0.50
7.43
-9.51
7.44
-4.84
-4.54
-3.32
-0.86
5.87
-3.90
5.79
-9.53
0.62
-8.52
3.35
-0.91
-6.26
6.61
0.16
5.07
-2.50
-2.71
1.07
7.20
5.67
1.81
2.29
-6.63
-5.18
-0.37
8.06
-6.75
-1.07
9.97
7.14
-8.78
2.96
-6.30
-0.20
7.83
-9.05
-8.58
-4.00
7.92
-5.63
1.01
-4.71
3.31
-3.76
7.67
9.08
8.53
-3.25
9.73
-4.03
-2.63
-4.12
-6.92
-9.39
-1.38
-1.22
-2.33
-3.03
-0.97
-0.55
8.97
6.35
-8.45
8.32
-2.40
-9.00
-2.84
-0.50
0.28
-6.24
-1.80
3.10
5.16
4.62
-8.52
-1.52
-5.29
4.50
-0.74
-6.09
9.27
7.13
6.11
8.23
4.36
-0.45
-0.00
0.35
4.98
-8.16
5.53
1.90
9.86
-3.22
7.53
-1.02
8.92
9.94
-6.85
-1.61
7.03
-8.99
-9.45
4.08
-2.87
-3.21
-7.69
-0.62
-4.02
6.62
1.66
0.78
5.48
-9.21
9.77
-1.33
-7.17
2.61
2.06
-9.16
-7.43
4.69
1.76
4.25
3.74
-9.83
8.86
-9.20
5.09
9.39
2.48
-7.35
1.66
2.77
4.86
2.70
5.74
-9.66
-4.90
-4.04
5.39
-1.25
-9.24
-2.71
3.61
-3.73
5.33
1.27
1.27
-3.63
-0.03
9.72
7.06
0.62
-2.64
2.60
7.30
1.41
-4.11
7.77
-0.87
-4.73
-7.58
5.38
-0.22
7.23
-8.41
-7.51
-4.58
-3.04
9.82
3.39
2.44
7.36
-7.80
-8.51
4.48
6.05
-9.61
8.21
-1.87
0.59
-0.44
4.58
-9.31
-2.12
2.58
-8.82
2.88
8.52
-0.44
2.00
-0.30
6.60
-9.09
-2.14
2.63
5.67
-8.11
-4.91
6.23
1.46
7.02
-5.04
-7.71
2.01
2.26
-0.44
4.56
-4.29
3.18
9.82
-2.56
-1.89
-2.75
-8.88
1.36
7.86
8.31
2.34
-1.57
-7.36
1.48
-6.27
-8.92
-4.48
6.47
9.45
-2.94
2.51
-2.52
0.28
-6.13
1.78
-2.09
2.07
5.69
-4.59
7.84
5.80
-4.03
-6.02
2.56
-5.47
-1.13
-5.09
0.08
-6.83
-7.45
-4.96
6.06
6.54
7.53
-1.98
-6.14
-8.67
-6.82
7.33
8.27
-2.33
-4.43
5.30
-9.27
5.94
9.65
8.98
-5.70
-5.73
-0.97
3.38
6.47
2.63
6.40
2.68
7.99
8.91
7.73
0.10
5.76
2.70
-6.60
-2.96
7.96
-7.60
9.38
-7.93
-0.48
-8.72
1.53
0.42
6.11
-1.85
-3.74
4.70
4.65
-1.90
0.50
7.24
8.65
-0.79
-5.66
4.87
6.29
-9.39
-0.79
-3.21
-0.42
-2.34
-5.07
5.92
2.57
-0.22
8.65
4.63
6.77
6.62
8.81
5.28
-8.06
-1.79
7.30
6.33
-9.61
4.63
2.87
-5.48
2.85
-9.10
9.00
-6.14
-5.98
2.68
-0.74
1.96
6.07
-1.58
-6.63
4.40
-1.93
3.60
-2.97
7.72
9.46
-7.38
-1.32
1.65
-4.13
-5.94
-3.72
-8.71
-4.81
4.84
-2.75
9.69
-7.84
9.00
4.75
-8.34
-0.44
6.62
-6.68
-0.71
4.11
8.59
7.05
-0.16
-4.78
2.85
3.47
6.72
4.79
7.66
-3.80
3.97
-4.03
-2.44
-0.50
5.12
9.28
-2.30
7.86
6.88
4.00
-7.94
-6.20
8.31
3.09
1.27
-3.10
-3.82
-0.33
-4.36
7.28
7.08
-6.76
-1.03
-3.40
6.85
-6.23
8.84
-0.27
-1.90
1.74
8.91
0.24
-3.71
2.29
-0.95
2.72
5.16
1.62
-1.37
5.26
-8.08
3.69
8.83
-5.01
-6.94
-4.54
9.56
-0.07
-8.76
-1.35
-3.50
0.33
-6.08
-3.64
-6.00
-7.57
-5.57
-7.65
9.43
8.00
5.99
-8.50
4.55
2.56
9.41
-0.78
9.69
-4.40
5.01
8.16
-3.93
-4.19
9.43
-9.76
-7.72
-5.54
8.00
2.18
0.13
0.06
3.14
2.64
-4.17
-2.48
9.62
9.04
-8.05
4.69
-2.84
-7.75
5.80
9.75
-9.00
-2.68
9.90
2.22
-8.81
8.20
-9.84
1.02
1.04
4.78
7.38
-7.54
5.55
-9.78
7.65
1.50
-9.74
-3.20
-2.65
9.17
1.29
8.37
8.41
-0.46
-2.89
7.47
9.24
9.13
-7.27
5.36
7.25
2.06
6.84
3.04
-1.62
3.89
-7.40
1.28
9.31
-2.53
2.76
7.98
8.03
-6.20
9.54
0.84
8.29
1.02
-9.87
-6.51
3.74
4.72
-1.76
3.21
-2.87
2.70
-7.54
8.48
0.39
7.16
1.98
-5.78
-8.79
-2.33
0.34
-6.86
1.58
-2.14
7.75
1.13
4.10
-0.92
-7.23
-5.09
-8.39
4.02
-6.22
9.96
-4.29
-6.46
-8.99
7.02
-0.07
9.85
9.65
5.16
-6.99
-1.05
4.84
9.51
-1.92
5.78
8.85
-8.04
3.24
4.91
-8.52
-7.28
9.19
0.07
-6.12
1.08
-0.39
-4.39
6.84
3.32
9.85
-7.05
-6.20
-3.98
-0.49
-4.76
9.42
-7.17
4.66
-6.73
-5.67
2.83
-4.80
-4.15
-3.44
8.64
-6.91
-2.36
0.42
2.36
-3.00
7.75
-6.66
7.51
9.02
-7.95
-8.66
5.03
9.05
-7.57
-6.16
-8.41
-7.39
-3.95
8.22
8.11
-2.56
-2.12
-4.97
6.94
-5.18
9.36
-5.81
-4.53
-9.03
-3.42
3.07
4.56
-5.67
1.01
6.89
-0.17
-5.69
5.80
-7.86
3.86
7.01
0.99
3.61
7.57
-6.25
-9.47
-4.25
-1.27
7.84
-5.59
-1.18
5.96
-4.64
8.88
-9.39
6.03
5.41
-1.91
-5.73
-7.06
-4.29
-0.04
-7.08
-3.41
8.84
-0.23
1.58
9.38
5.08
-5.74
7.22
8.75
7.23
-0.33
-2.70
-6.15
3.16
6.55
7.70
4.38
1.66
-5.29
-9.53
-0.12
7.25
-8.73
-7.94
7.38
9.57
5.08
2.75
-4.26
-7.06
0.44
7.79
4.68
1.77
3.44
0.95
6.67
7.37
3.99
-8.95
9.79
-8.12
6.53
2.14
-0.31
-5.12
-7.26
-2.05
8.80
-1.72
9.29
-8.81
-9.15
-4.77
3.71
8.41
8.90
-1.46
1.56
-9.09
-5.02
-5.68
8.06
2.50
9.39
-3.58
7.17
4.57
-2.03
7.36
1.45
9.21
-4.81
1.28
5.60
-9.02
-8.48
-5.40
-3.03
7.85
-7.13
0.05
-3.89
-7.87
-9.55
9.54
0.47
1.82
9.15
1.71
4.40
-6.82
-7.59
-0.40
8.52
4.97
-8.06
-5.81
-8.27
-4.87
0.17
-0.66
8.74
0.43
-6.18
-6.15
6.57
-0.19
6.40
-3.83
2.74
-8.09
-1.91
7.45
-1.26
7.53
0.90
8.55
-8.53
7.56
7.28
6.58
-3.93
7.10
0.40
-3.31
3.14
-3.72
-5.87
-5.38
3.49
-1.53
0.82
5.75
3.58
-3.45
-4.86
6.18
4.72
7.74
-8.00
1.54
9.19
-2.24
6.61
-0.92
6.39
-5.21
-4.97
-1.25
2.24
-5.96
3.08
-1.21
4.69
-6.66
1.94
1.61
8.85
-9.40
-1.59
-4.63
-5.51
3.53
-1.96
-2.87
-0.68
2.52
9.27
-7.05
0.99
-3.01
6.63
0.79
-8.95
6.13
1.18
-8.34
-6.11
-5.57
-3.71
-5.26
-6.07
2.78
-3.03
2.08
3.99
-4.30
-9.35
-1.51
-1.79
-4.76
7.86
-7.77
2.35
2.40
0.63
-7.84
4.91
-3.56
6.93
6.98
1.92
-7.08
-0.77
-7.87
-1.29
-9.10
5.18
0.03
1.69
-9.93
-1.21
-0.73
3.33
8.44
9.98
-1.66
-6.66
1.08
-9.23
-0.38
-0.58
-9.36
6.16
-0.89
-9.64
-9.74
7.97
-2.35
4.96
9.54
-0.53
-0.78
-0.32
4.02
9.34
1.90
-1.83
-0.94
2.62
-2.82
-4.13
8.48
7.23
3.20
2.84
-1.20
3.80
7.57
-2.28
-0.46
-2.83
5.39
-3.72
-9.65
-2.34
8.05
7.39
5.45
-9.91
8.53
-0.31
6.14
-1.12
-1.27
-7.92
1.89
7.15
4.55
-8.95
-9.25
-1.85
-5.81
8.14
-0.44
-3.05
5.52
0.50
-5.24
0.69
7.91
7.74
4.25
-4.66
4.32
8.24
1.07
7.27
9.20
7.97
9.41
7.64
7.83
4.94
3.71
-2.26
-7.30
2.53
1.26
-6.54
2.66
-5.40
-0.80
-2.99
0.30
-4.18
-3.69
-6.09
-6.65
-0.04
-9.66
3.58
-4.40
-0.37
-8.51
1.40
-6.95
-9.64
2.59
0.59
-9.14
-7.76
6.73
-8.10
6.74
-7.81
-7.15
9.30
6.46
0.08
-0.02
-0.29
6.95
1.71
-9.22
5.08
2.85
1.87
-5.13
-5.30
1.92
0.51
-7.29
-3.99
5.03
-4.74
0.70
2.10
-3.65
-6.67
7.87
3.81
-0.58
5.96
5.10
4.77
4.57
8.52
-2.74
7.39
3.43
-0.60
-0.95
7.95
-3.76
0.87
5.01
8.89
7.32
-5.14
-5.50
6.52
-5.39
-2.95
2.14
2.14
8.69
2.10
-5.60
-5.20
7.12
3.46
2.94
3.74
-0.56
0.53
-4.66
-1.24
8.73
-3.35
-6.20
6.51
5.20
0.80
2.56
-9.14
-2.50
-3.80
-5.51
-4.44
-2.69
9.01
-2.41
7.22
2.89
0.11
-7.97
6.77
-2.77
-6.72
-1.72
7.49
6.39
2.69
7.01
7.84
-6.43
-7.04
-8.59
-2.96
-5.22
-5.06
-7.58
1.75
-8.55
-9.80
-2.25
-8.26
5.81
7.47
4.97
-7.15
-5.47
4.13
9.65
5.26
6.38
-4.14
8.91
-4.69
-0.60
7.53
1.12
-1.20
3.29
8.58
-7.62
4.17
2.60
5.89
-9.62
-6.64
6.40
-2.66
-3.77
8.84
0.00
-0.87
-5.03
4.53
4.37
-9.97
-4.67
9.14
-1.16
5.69
-0.67
-0.27
-7.18
6.07
-7.56
-6.21
2.07
9.20
-5.16
-2.03
-4.91
-5.68
4.48
1.43
5.43
7.60
-7.55
-7.86
-4.61
-6.53
1.42
4.13
6.80
4.79
7.71
-6.21
4.52
-5.09
-2.44
-6.55
8.20
4.77
-1.62
0.33
-1.91
8.16
-4.61
8.89
-9.74
8.29
-5.51
4.86
7.20
8.73
1.88
8.94
-0.89
-8.03
0.95
8.40
1.67
8.52
-2.65
4.61
5.90
9.95
-7.43
-5.31
5.71
8.71
-3.21
-4.59
-1.27
-1.94
1.69
7.40
6.15
-4.85
3.66
7.89
7.08
0.39
-1.76
9.96
-6.87
-3.76
-3.75
-3.35
-1.21
-1.49
2.32
7.78
-6.70
3.36
6.48
7.86
9.51
3.06
9.28
-6.97
-4.46
-6.30
-8.74
5.27
4.64
7.90
7.27
-8.09
9.14
-4.30
-3.71
-1.29
-6.20
6.76
7.38
-5.59
-5.47
-3.08
-7.59
-4.86
-2.23
-7.62
6.15
6.57
6.45
-5.55
4.40
-7.87
7.94
-1.85
0.70
5.26
9.70
7.74
-7.66
-6.08
-1.71
2.24
-3.73
-4.55
7.28
-5.90
5.43
9.89
9.80
-5.76
6.33
9.93
1.16
6.46
8.29
-4.42
7.45
4.34
5.13
-8.35
5.43
-6.12
-0.17
-3.74
9.63
-5.10
-7.19
-1.58
-7.97
4.35
4.54
-7.13
-9.87
-5.34
-7.06
-9.79
8.95
-9.76
-3.64
-9.41
-7.43
-4.67
2.63
-1.10
-9.07
-3.84
-5.04
9.82
-2.64
-9.23
-4.91
0.56
2.66
9.37
-5.40
-0.27
1.15
-1.40
-5.28
-9.80
-5.51
-7.36
5.47
-5.74
8.78
4.36
4.67
-0.95
-9.37
-0.33
7.47
-9.40
-2.24
8.13
6.95
-5.68
9.85
-7.02
-3.41
-9.71
-4.82
-6.30
-5.02
1.45
-1.30
4.27
3.69
2.65
7.19
0.18
-1.34
8.90
-2.84
-2.64
5.88
-9.17
0.96
-3.83
1.98
-4.58
-3.06
-6.46
-9.70
0.35
-0.89
-3.62
-6.91
-0.21
-7.92
-0.54
-9.51
-9.93
6.68
0.77
6.87
-6.92
2.21
-2.45
-4.82
5.73
-9.42
-3.81
-0.02
-6.54
8.26
-1.10
9.64
-4.02
-8.48
0.56
-1.50
3.42
0.61
-1.37
9.51
-9.14
8.51
9.44
-2.03
9.56
-0.13
-6.20
7.11
2.84
-4.22
5.23
-4.04
4.86
-9.99
3.81
-9.71
-9.66
-7.76
8.80
-2.83
-6.58
4.10
-6.75
-6.25
3.71
3.42
-6.41
-9.00
-2.26
2.52
-2.65
2.86
-6.19
-4.04
2.29
1.62
8.51
3.63
9.82
10.00
2.94
4.52
6.00
-9.42
-3.19
7.01
-6.74
3.36
-1.55
-8.75
5.80
-8.17
8.97
9.15
-7.96
8.34
8.67
-2.22
-3.03
-0.64
3.74
-8.36
7.74
1.27
1.48
9.59
-4.45
7.23
-7.89
1.87
-3.05
-4.16
5.31
-6.95
7.58
2.18
-0.41
6.28
-8.26
1.86
-7.34
4.81
0.63
8.70
-9.09
-4.00
2.52
-3.36
6.09
-6.20
-1.98
6.59
-2.64
5.09
3.44
8.76
6.79
-4.35
-4.55
1.07
6.50
1.25
0.25
-5.56
5.52
-0.35
0.11
5.33
-5.54
8.99
0.73
6.38
-3.80
8.22
-7.68
-4.37
0.68
5.35
7.57
-4.97
-8.12
8.85
9.72
-1.16
5.20
8.12
-6.26
2.48
3.28
-1.47
-6.14
-7.42
8.41
-3.47
0.41
8.75
-0.23
0.75
-0.64
-2.26
-6.67
4.43
-2.68
-9.37
-7.07
-5.06
5.55
3.60
-9.67
6.03
5.68
-6.99
2.54
-1.61
-9.38
5.36
4.48
-5.91
3.56
-7.29
5.11
0.73
8.24
-5.71
5.22
-9.39
-6.24
-5.19
4.87
-9.12
6.72
0.23
-1.29
-9.96
-5.76
1.45
7.31
-3.47
-9.38
6.71
2.54
-4.99
-9.01
-6.80
-4.80
-3.98
4.95
-1.45
3.01
4.48
-6.59
2.87
7.07
2.87
1.73
1.87
-5.09
-5.50
-7.79
1.82
-1.72
2.70
9.21
-3.26
3.77
-8.63
-0.18
-1.19
4.46
2.67
3.46
2.21
-9.38
-2.64
-6.76
-8.65
7.62
-6.53
2.51
-6.09
-0.72
8.92
-0.54
9.46
4.59
3.72
3.05
-5.87
6.11
7.36
3.35
-7.93
-1.94
6.99
-0.53
-5.64
-7.73
2.09
-1.96
-4.19
-9.90
1.20
5.60
-9.55
-1.50
6.30
-2.19
-3.67
-1.81
0.58
-1.22
-9.91
2.36
5.13
-6.51
2.16
-6.30
0.16
6.55
-7.03
-1.95
-3.54
-9.64
1.02
2.91
-7.33
-4.24
3.29
-1.39
4.01
8.49
-1.35
-9.41
-1.96
4.22
-5.10
0.73
3.15
5.70
-9.87
5.91
5.33
-5.17
8.85
-8.02
-1.01
2.91
3.73
-8.95
7.18
-7.76
3.44
0.61
-2.82
-7.96
-2.79
-7.84
6.77
1.99
-3.15
7.82
7.06
6.39
6.67
-7.11
-2.72
-7.88
2.18
2.49
-2.63
-6.46
7.88
-9.58
-6.18
-2.64
-4.93
-1.55
4.48
-9.25
-9.92
-6.04
-2.07
5.72
-6.29
-5.72
-6.95
2.84
2.33
5.75
-5.54
7.66
-8.52
-4.45
9.28
2.58
-7.65
4.62
1.10
7.73
2.02
-0.41
6.56
-6.42
-2.17
-8.02
-9.72
-1.30
-3.24
2.75
3.72
-4.33
-9.76
0.32
3.64
-1.79
-4.93
-9.82
-4.28
-7.17
-8.80
4.25
-0.99
7.91
6.77
8.07
-3.15
3.54
1.28
-6.00
9.81
-4.92
7.26
-1.54
-3.60
-6.31
1.34
-8.53
-2.96
-3.19
5.07
-3.53
6.95
-8.05
6.36
8.68
-6.28
6.60
1.95
-9.96
4.96
7.69
-8.27
8.85
1.85
3.52
5.42
2.28
4.07
-8.64
-7.84
9.89
1.86
3.86
-6.10
-3.84
0.75
-2.63
-7.08
-9.60
-5.42
-4.73
-5.74
1.80
-7.48
9.49
-6.29
-1.79
-4.35
-6.65
-8.12
6.25
8.66
8.73
5.01
1.38
2.50
0.87
-6.75
5.71
-6.63
3.76
-3.15
1.75
-6.17
9.37
1.05
0.37
1.56
3.76
0.18
-9.10
1.51
3.27
1.72
-8.39
6.94
-6.17
0.72
8.69
-4.94
6.58
5.54
1.78
2.84
-7.10
5.20
4.29
-1.37
-8.01
-0.80
-3.50
-4.69
-5.92
0.30
-0.30
0.39
-7.49
-9.08
9.39
8.90
7.59
3.88
-4.27
-5.46
-4.35
7.95
9.33
4.81
6.13
8.89
0.53
-4.27
0.03
6.71
-9.73
-8.36
-7.25
-0.38
0.65
6.03
-5.50
-4.63
3.43
8.55
-8.70
0.61
-5.54
-5.63
-0.15
8.88
-7.85
0.99
-0.74
-2.11
8.28
8.52
-7.13
-3.41
9.07
8.88
3.16
-7.11
-5.21
-0.49
-6.95
2.33
-4.06
7.35
-3.52
8.71
-5.86
-1.41
-8.31
-3.06
5.90
-0.09
0.01
8.99
-2.62
6.71
3.55
3.41
8.21
4.16
4.75
9.19
-7.45
-3.56
1.00
-5.58
-4.47
-9.99
-2.66
0.49
-6.87
6.43
-9.37
2.43
-6.32
-9.65
7.90
6.02
9.10
8.38
-7.57
2.24
-6.06
4.30
0.42
9.78
0.45
6.48
1.41
6.12
7.75
-7.13
5.70
-2.07
-6.82
9.38
-8.26
-8.69
4.05
7.18
-3.30
-7.41
-2.18
-5.40
3.38
0.18
8.97
9.17
6.44
-1.77
-9.53
5.53
-8.74
-7.27
8.18
4.78
8.39
0.46
-3.74
0.87
-3.14
-8.27
-8.43
9.70
-0.64
-2.67
-4.57
-3.43
2.43
0.28
0.59
7.51
4.90
3.23
-8.20
0.28
7.54
-8.13
-2.06
0.44
7.18
5.17
3.82
-1.66
8.30
-7.03
-0.09
-7.47
-4.62
-8.40
-1.96
-4.80
-1.05
-1.89
-8.89
5.36
-1.41
-6.22
5.18
5.36
-3.98
-2.53
1.73
6.25
1.21
-0.44
-1.40
-2.14
4.97
-3.07
7.32
8.95
0.79
-0.25
-4.66
-6.77
9.33
-9.33
-8.97
6.85
8.49
6.93
-0.36
-7.10
2.34
6.24
8.43
-1.32
-8.09
6.77
8.94
1.22
1.08
2.14
-5.30
6.75
0.54
1.85
2.38
-0.16
3.14
-2.10
-5.52
7.58
-6.40
8.05
-8.13
-5.28
5.73
-3.35
-5.94
-4.85
-9.57
3.29
-4.45
-4.44
7.33
0.21
-3.81
-3.37
3.44
8.92
-6.16
7.75
-8.17
-3.33
-2.67
0.51
-6.57
3.52
7.94
-3.16
-4.82
0.44
7.42
-2.65
7.53
9.24
0.84
5.47
-5.47
4.86
-7.85
-6.99
-0.44
-9.36
0.86
2.85
-0.15
7.27
-2.29
-5.72
-7.07
5.98
7.64
6.67
8.09
6.58
-1.92
7.13
6.04
-8.92
0.68
-2.38
-0.18
-6.64
4.76
7.42
0.16
-4.36
-9.68
6.28
-1.63
-7.62
-0.93
4.09
9.84
-7.92
-8.70
-7.40
-8.56
-2.23
6.92
-5.16
-4.25
-3.18
-1.27
-2.16
-4.68
0.51
-3.97
-5.64
0.14
4.19
6.66
9.07
1.42
8.56
-4.27
-4.94
4.68
-7.32
9.02
-3.95
5.50
-0.59
-0.77
0.19
-9.14
3.81
3.23
0.75
-0.71
5.19
8.37
9.64
2.91
-6.55
-3.88
-0.77
4.59
-9.78
0.90
-1.93
-6.85
-4.37
-7.47
-3.81
9.96
1.10
0.21
5.65
9.89
-1.08
6.25
-8.17
9.83
9.28
7.65
1.25
7.86
-4.81
-6.39
1.36
6.17
6.14
-2.75
-1.86
1.03
0.97
9.43
6.93
-7.39
-9.40
-6.98
2.23
-1.91
-8.69
5.58
2.10
1.05
9.14
8.69
-7.29
0.24
6.04
-8.04
8.77
-9.13
8.42
9.97
-4.70
1.66
8.67
0.06
6.63
0.53
0.35
-0.64
7.94
-7.63
-2.35
8.94
-4.82
1.70
-0.34
3.36
-1.02
3.62
-9.76
-6.26
8.07
-4.07
-6.02
2.28
-2.09
-4.22
-1.14
-3.27
0.15
-6.23
6.43
2.48
-1.46
8.74
-0.15
0.81
6.88
-3.60
-9.33
-8.87
-5.28
-5.21
-5.16
5.51
-3.70
-0.17
-1.47
-6.49
8.53
-5.97
4.59
5.53
-6.54
1.46
0.03
-7.26
-9.01
-7.79
-4.69
-8.26
-2.61
9.28
-4.01
-7.93
-4.74
1.20
-2.56
-5.31
-9.45
-6.53
3.09
-0.38
2.33
1.81
-2.95
-9.34
0.79
0.57
-8.51
-4.33
-0.73
9.22
-0.36
-9.87
-4.20
-9.87
-5.15
2.43
9.87
0.84
6.44
8.82
-9.97
-6.20
-7.06
-3.74
-2.11
6.75
3.28
1.20
4.21
-2.99
6.72
2.50
2.73
2.54
1.90
-3.47
-2.76
3.13
5.91
-7.32
7.68
4.72
-6.22
-2.68
-9.30
0.04
9.09
4.33
0.56
8.61
-3.56
0.41
5.72
9.34
-3.78
3.21
6.97
8.75
-7.65
0.44
-7.46
-2.03
-6.22
8.09
-4.01
1.74
0.14
-4.13
-7.62
-7.67
-7.68
-1.99
-1.64
-8.30
-1.46
-2.47
-8.08
-5.07
-3.45
2.08
-2.80
-1.91
2.63
-0.41
-9.74
3.56
7.91
-8.31
-8.80
6.15
-7.28
-6.88
-1.63
-7.11
-0.37
-4.69
-9.67
-0.22
-4.36
2.07
-8.95
-1.37
4.35
-4.26
4.07
-3.07
-1.42
1.78
-8.66
4.16
-5.84
9.91
2.07
7.45
-4.56
0.06
7.55
9.71
-6.79
-8.90
7.36
-6.44
5.62
0.61
2.64
3.93
2.75
-6.28
2.08
-7.33
5.39
9.13
-3.78
-1.90
-1.25
0.59
5.67
2.82
-8.33
1.75
-1.03
2.72
1.95
-7.30
5.56
-9.48
-1.58
-3.88
-0.37
6.69
0.44
1.46
0.39
1.19
5.39
4.88
4.41
-1.09
4.75
3.49
-4.30
-7.97
-0.48
-8.31
9.00
-7.54
-4.57
-2.12
-7.86
7.40
8.73
9.73
2.94
-8.78
3.10
5.92
6.20
-3.27
8.26
2.74
6.66
-0.99
1.06
-6.57
3.33
-5.11
-0.51
8.54
0.89
-8.77
-9.63
-4.55
3.76
5.11
1.27
5.01
8.60
9.03
-2.62
3.59
0.61
4.33
-6.23
-1.38
9.49
-4.11
3.89
-4.29
-9.38
-8.86
-5.23
-4.52
6.93
-3.19
9.64
8.27
-2.63
-3.87
8.51
-5.19
7.37
-0.04
7.45
-8.99
6.98
-5.21
7.03
4.97
-7.62
0.76
-9.24
4.29
-3.70
2.90
3.96
1.98
3.02
8.59
-6.25
-1.19
-6.40
-5.54
0.89
-9.46
-3.16
-4.13
3.88
-2.11
-8.19
2.00
6.18
7.54
-2.68
9.75
6.97
2.23
-5.80
-0.44
6.27
8.08
-4.19
6.24
4.82
-2.79
-7.42
8.01
9.56
-6.04
6.03
6.80
5.22
2.58
-1.97
2.98
2.67
4.74
-9.06
-2.43
4.60
4.81
4.07
5.23
-0.68
-8.78
2.29
-9.08
3.06
-8.20
2.36
-6.44
1.64
-8.53
-7.50
9.66
-8.05
-9.83
-9.05
0.19
-6.01
9.35
-0.86
-6.35
-6.02
5.02
-5.06
8.64
9.30
-4.48
1.89
8.93
-4.23
2.18
-0.30
-5.85
7.91
-9.06
-8.02
-0.62
-7.07
-6.99
-3.45
6.53
8.86
-7.09
-5.85
0.86
7.66
1.64
1.02
-4.40
-6.24
3.58
1.11
-2.14
-1.20
-5.26
3.47
-0.98
3.09
0.96
0.46
2.59
4.44
-6.22
-7.62
-7.26
5.04
-7.57
-5.80
-3.32
-3.06
9.81
9.99
3.86
-3.18
-9.23
-9.37
-4.70
-9.41
0.72
0.52
6.02
-1.46
-7.33
8.82
-6.21
1.62
-9.01
-9.11
-2.71
-0.53
-0.25
-4.42
-3.19
0.82
-6.00
3.92
0.59
-3.08
2.04
-5.10
9.99
-1.42
-3.26
3.99
6.54
7.52
4.07
9.90
-5.96
2.51
7.09
-4.68
-1.14
-8.89
-6.69
-2.73
1.43
7.48
3.64
-7.40
2.28
7.01
-8.79
-5.72
-4.50
-1.76
7.87
4.23
-7.07
2.89
6.76
-1.85
-7.89
4.45
-1.02
8.03
-8.81
-3.93
-7.56
-1.94
3.80
8.29
-8.88
-0.59
-2.85
7.35
2.76
-0.39
6.39
4.54
-6.82
-7.89
8.42
7.38
-4.70
1.72
8.16
-6.86
-8.96
-8.62
0.59
-4.58
-5.81
6.13
1.47
4.28
-7.66
-0.32
-9.92
-9.28
-3.86
-0.66
-3.10
-4.04
-6.25
-5.09
-0.46
-3.68
-1.04
7.07
-0.09
4.11
-9.27
1.07
5.77
-4.60
-7.42
1.18
9.94
5.11
9.78
-8.47
-9.96
0.10
-7.46
-0.84
2.11
-9.07
3.26
4.65
-8.93
-7.16
-3.96
-3.91
-8.70
-3.35
6.58
-7.96
0.33
0.15
0.44
9.04
-1.16
0.59
-1.97
-0.74
0.02
-1.00
4.24
-5.92
1.60
-3.16
1.00
-1.00
3.39
-4.35
-9.32
-4.30
3.70
0.38
8.78
-3.22
-2.34
-3.07
-6.33
8.78
-9.42
4.63
-8.19
9.19
9.42
-5.88
6.36
-6.97
5.67
-8.47
7.44
-5.43
-7.51
-0.75
-7.88
-0.05
9.54
-5.84
-7.79
-3.80
-1.65
-6.09
-1.91
-7.70
1.55
-8.26
-3.41
-1.98
8.99
-9.38
-8.84
-4.00
3.93
-2.73
2.29
-7.17
-7.66
6.65
-3.48
4.66
8.51
-2.39
1.97
3.01
0.12
-9.69
-1.35
-3.54
5.78
6.01
1.57
-6.32
8.26
-0.17
4.85
3.65
-3.43
7.23
5.00
-1.55
-0.20
-5.35
-8.74
-5.51
6.20
-4.90
1.47
-2.41
-9.76
-0.75
-8.67
7.69
1.10
2.61
-4.77
8.74
-4.54
-0.48
6.91
-0.61
7.94
4.48
-2.16
-9.86
2.10
-8.48
1.72
2.58
-4.69
-7.78
2.93
-3.71
0.47
2.89
-2.65
-0.91
-2.17
1.75
3.44
6.19
-0.08
6.59
-8.17
4.00
2.79
-6.54
-8.53
4.02
6.71
7.29
0.59
2.65
-0.69
4.75
0.44
-7.64
4.46
0.19
0.02
0.02
9.95
-4.82
9.93
-2.13
-2.99
2.33
-6.55
2.77
4.91
3.99
-7.08
9.51
-6.23
-3.57
-0.32
-6.40
-1.42
0.19
5.55
9.26
-2.32
7.19
4.02
-1.73
8.77
5.17
-0.62
-4.73
-4.44
-9.82
-8.25
5.05
-1.71
7.73
-3.80
-2.36
-8.98
-6.89
4.19
-3.37
-0.87
-8.30
5.24
6.53
-0.18
9.68
-2.81
-5.39
-0.94
-4.01
2.96
-7.04
7.81
5.91
2.14
-3.57
-9.17
7.17
-4.68
1.93
-8.75
-1.04
9.50
4.86
3.74
4.59
2.54
-1.82
-0.23
8.47
-5.17
9.90
-2.18
-2.11
6.36
4.37
1.75
0.38
7.25
3.29
0.49
-2.87
-0.17
-8.22
-7.85
3.25
0.52
5.40
5.65
-4.66
-0.48
3.51
2.98
-2.89
6.51
4.76
-4.65
3.62
0.37
-9.78
-3.86
-5.22
-8.75
9.93
3.95
-1.29
-7.13
-1.73
-1.18
-4.33
-6.59
-5.99
4.71
3.04
2.89
-9.51
1.41
-7.85
5.35
-8.40
-1.02
-2.63
-6.10
-0.68
-2.13
8.36
-3.38
8.19
7.81
5.81
-8.24
-7.43
8.62
-8.47
-0.04
2.18
6.09
-6.59
-8.01
-8.41
5.95
-4.17
-0.16
-0.70
-0.78
-3.73
9.52
1.97
1.90
-1.33
3.47
-0.44
2.23
4.09
-9.04
-3.22
-1.37
9.54
-5.69
-3.27
1.40
-4.75
9.37
-7.80
1.34
-8.64
8.10
-9.74
-1.56
4.39
1.54
-4.18
-6.33
-5.73
-8.67
9.76
-2.88
2.49
7.70
7.27
-4.46
1.98
2.32
-8.06
-7.61
9.45
-6.14
-8.57
3.59
-9.38
-5.31
-9.94
2.04
-0.82
-3.47
4.19
-5.95
-0.00
3.41
-4.11
0.84
-2.85
9.99
-9.42
8.13
-2.49
-6.72
-5.83
-2.85
-9.53
-3.94
-4.49
-0.09
-5.59
9.96
9.54
-7.87
-9.48
-3.62
6.97
6.74
-5.32
-6.51
6.01
1.30
7.96
7.16
-8.25
2.13
-3.67
-5.70
-1.08
-1.27
0.33
-3.57
3.60
-8.88
5.21
-8.25
-0.61
3.67
-7.84
3.84
3.96
8.20
1.39
-4.91
-8.75
9.69
7.51
2.92
-4.81
-2.33
-2.04
7.04
0.51
-3.67
-4.94
5.81
6.21
-3.42
-7.66
9.77
-2.67
3.19
5.70
-9.43
-9.26
0.05
-9.86
-6.61
-9.56
6.66
2.59
-9.09
-1.96
9.21
1.47
7.04
-5.88
-1.01
3.74
8.50
-3.98
1.60
9.78
-7.66
7.64
9.93
-2.90
7.67
7.02
4.02
-6.84
-0.56
7.21
-9.06
8.14
-7.26
-3.99
7.94
-1.79
5.50
-9.56
1.74
-0.08
7.76
-8.76
7.39
6.35
-4.25
-6.69
-0.48
5.65
-1.24
-2.50
-0.63
-7.39
6.99
-0.42
-9.46
-6.20
-1.46
1.78
6.70
-2.96
-6.42
2.78
4.30
5.68
-6.08
-8.49
3.45
8.46
-4.01
0.65
-9.86
5.46
-4.49
5.23
2.80
0.82
-8.20
2.10
-3.56
2.83
9.99
-4.18
7.45
2.05
9.21
6.65
-7.80
8.03
-5.15
6.19
2.51
-4.66
3.07
-3.61
-8.78
-0.57
-4.33
-2.52
-9.13
-6.98
-6.60
0.45
-1.28
3.62
5.90
9.77
-8.87
2.83
6.37
-8.09
0.50
7.98
9.08
-4.72
-2.06
6.80
-2.15
-2.70
-5.43
5.76
3.66
4.08
4.93
-7.43
-0.57
-1.47
5.28
-6.33
-9.77
2.28
-9.90
-2.82
6.90
7.34
-0.03
1.94
1.30
2.75
3.68
3.43
-8.71
-7.73
8.11
-3.09
-6.44
8.31
-1.45
8.72
-7.60
-1.91
2.97
-3.90
2.65
7.41
3.11
6.34
-5.22
-2.22
5.69
-4.21
0.42
2.42
-3.32
-0.66
6.27
-3.05
-8.01
-8.90
-5.30
-9.80
7.41
6.81
-0.99
-9.16
1.28
8.59
-8.43
-4.56
-7.36
2.76
-7.05
-6.29
8.30
-8.72
0.12
-3.73
1.78
7.41
1.89
0.87
-2.73
-3.71
-0.30
2.48
1.77
-8.97
1.94
3.04
-1.48
4.89
9.73
6.27
4.88
-9.72
2.60
-6.59
7.64
5.08
1.90
5.38
-0.84
-2.98
0.24
6.99
7.12
6.66
-4.99
-1.14
1.33
-0.36
-5.87
-7.36
-9.52
8.82
-7.83
-4.77
-7.87
-3.09
4.93
-2.51
8.93
0.23
0.62
-6.79
-5.74
4.27
-4.25
3.89
0.48
-8.41
-6.06
-5.09
-7.28
-7.29
-4.39
-1.14
1.61
0.71
-3.13
-8.49
-2.25
0.03
5.52
-3.92
1.41
-9.86
-7.47
1.52
-9.81
-5.25
6.92
-9.70
-1.81
-2.84
-7.76
1.44
9.38
-7.65
-7.22
4.31
-1.34
-3.57
7.71
8.96
3.54
4.17
1.05
8.40
-0.45
-4.94
5.87
-1.31
2.68
-1.29
-9.31
-7.72
-8.26
0.13
6.13
-9.65
-6.02
-4.55
0.20
9.61
6.92
-1.15
0.08
9.46
-0.33
-8.81
8.65
-5.16
6.73
-8.93
-6.14
0.58
-2.54
-1.13
-0.85
-7.22
-5.62
-5.58
-7.16
-7.03
3.36
-1.08
4.89
0.47
8.82
1.81
8.91
-1.19
-2.86
3.05
-2.32
1.66
1.36
-8.41
-9.72
3.93
-9.79
-9.39
-1.08
-6.23
-5.19
-9.92
-6.32
-9.05
-4.06
-2.60
-6.86
7.34
5.14
6.65
-0.81
-4.94
2.66
-2.97
4.02
-2.01
5.59
1.32
7.48
-7.83
8.97
-5.31
-7.10
-9.16
-6.65
4.81
-0.44
-0.39
1.66
-6.46
-0.21
-2.50
-1.33
-8.85
-0.95
9.38
-3.91
-6.52
6.88
5.52
-3.50
2.74
-3.01
-6.19
-0.90
2.54
4.59
0.31
0.64
7.91
-0.96
3.77
-5.62
0.66
0.03
-0.35
0.40
-8.96
-4.71
-0.60
-9.64
-3.96
8.08
0.57
-0.29
-4.89
-7.49
-6.72
-9.37
-6.05
4.84
-1.13
-1.24
-3.21
8.91
6.15
6.79
-1.92
3.71
1.04
-1.83
-6.02
-8.57
-4.89
-6.12
4.36
-6.14
8.72
5.61
5.96
-4.53
-5.67
8.23
7.29
1.23
-4.36
4.93
5.92
7.20
8.22
7.89
-1.24
-7.87
-2.90
7.84
6.03
8.26
-2.81
-4.51
-0.62
-0.83
-8.10
8.00
-4.96
3.11
-4.19
3.65
2.32
9.79
-3.19
-2.29
8.37
8.72
3.53
2.85
9.61
-2.67
-6.50
6.99
-9.36
6.89
7.86
-8.15
1.02
-5.52
8.02
5.30
-9.18
-1.03
0.12
-9.43
-4.67
9.33
2.74
5.60
9.73
3.17
3.60
-4.55
4.19
3.88
0.80
-8.94
0.17
-5.72
-5.73
-2.61
-1.56
-4.94
3.06
4.15
-0.52
5.99
-5.99
2.11
6.94
-1.77
-2.42
-1.70
-5.36
-4.40
-3.72
-6.96
7.91
-6.80
1.53
-7.96
-0.20
-8.68
4.34
-3.29
-7.26
-7.22
-4.31
5.66
6.41
2.02
1.96
-9.32
2.32
-6.26
-8.65
0.30
5.77
9.52
-3.40
-6.12
-4.14
-9.64
9.83
-0.36
4.10
3.32
-4.87
-0.49
-7.74
-9.57
-5.63
-5.97
-9.85
-2.11
-7.96
-9.55
3.89
-6.21
-5.39
7.10
-4.73
-7.57
-9.89
-2.85
2.94
-6.67
3.54
4.95
5.94
-6.87
-6.33
-1.99
0.24
-1.52
6.98
7.75
8.93
-2.05
-5.75
2.24
-3.39
1.27
5.48
3.89
8.80
3.85
8.79
-4.67
6.66
4.83
8.81
6.64
-1.97
-3.37
-9.63
6.87
-4.89
-5.61
2.91
-6.74
-0.42
3.09
-8.59
0.96
5.68
-9.19
9.34
6.67
1.98
5.90
-0.66
9.11
2.35
6.60
-2.79
-0.42
6.87
0.79
4.84
5.64
3.20
4.42
7.68
1.11
9.12
-3.64
2.51
5.52
6.78
-1.89
-9.12
5.98
9.40
-3.69
4.12
4.84
-9.10
-3.79
-4.65
6.08
-0.76
4.25
4.25
3.62
3.96
7.93
-9.96
4.68
-1.38
-9.08
-1.45
-8.73
8.79
-8.26
-1.27
-6.98
6.07
3.99
-5.58
-5.58
-1.01
6.33
6.97
9.50
1.20
0.31
-5.79
7.36
7.72
4.15
1.59
1.27
-0.19
0.67
-9.08
4.89
9.07
7.40
2.57
8.39
1.46
7.07
-3.58
-2.24
-8.16
6.58
7.57
-9.52
9.57
2.52
2.13
-9.50
5.93
1.49
8.86
-4.15
3.95
-6.77
-7.75
1.86
1.13
4.73
2.73
-6.83
5.92
-6.54
9.45
7.68
-1.58
7.76
-8.49
5.54
-4.11
-7.29
-6.94
6.27
-6.13
9.35
-2.03
7.21
3.39
5.55
9.78
6.33
-5.08
6.65
-7.68
2.67
9.71
3.86
-3.08
-2.68
9.20
8.70
-8.39
8.32
2.94
-8.45
-1.96
2.35
5.89
-7.60
-8.28
-3.42
5.55
1.92
-8.80
-6.42
9.54
1.09
-8.19
2.57
-5.53
-2.65
9.64
-9.90
6.38
5.52
-8.73
-6.78
-6.30
-8.42
-5.00
-1.66
3.16
7.38
-0.84
-1.10
-0.66
-5.49
3.02
-5.08
-1.52
5.33
-3.83
7.60
-2.81
-0.58
1.71
-7.90
6.63
3.47
9.09
1.56
-7.16
-7.24
2.11
5.62
-6.12
2.42
-2.26
-3.61
-5.77
6.43
1.44
5.12
7.35
-7.22
-5.56
2.70
6.73
-7.49
-1.15
7.00
-3.69
-8.82
-4.04
-9.70
0.72
0.54
3.58
9.86
6.03
-1.23
7.94
-5.21
-8.32
-2.70
-4.30
-7.67
4.09
2.28
1.90
6.70
-7.25
9.06
-0.72
-6.48
-0.78
-2.53
4.67
3.15
-0.17
6.35
8.11
-4.14
-7.38
-4.80
0.31
2.01
9.13
-8.76
3.93
-9.48
1.78
9.92
4.61
-1.52
7.27
7.07
7.06
5.30
-3.16
-9.31
-7.97
4.29
-6.15
-9.26
-0.31
-5.00
9.38
-5.29
-4.86
9.30
-3.48
7.48
1.52
-5.65
-6.21
3.29
-3.43
5.68
-1.42
8.11
-2.01
-6.65
1.03
0.45
-6.51
-5.50
-0.96
8.81
0.97
-4.80
5.05
-6.16
-5.46
-5.07
5.21
-6.64
1.99
-3.33
1.54
-1.68
9.30
-4.18
-2.24
-2.06
-2.10
-9.01
-0.69
1.96
-9.79
9.89
8.32
-1.63
9.13
-6.72
4.06
-5.47
7.08
-9.66
9.53
-0.10
-9.68
8.36
-5.21
-1.45
-6.03
-9.99
-2.33
9.46
-6.41
1.23
-7.46
2.81
8.72
3.00
7.67
-9.59
4.22
9.91
1.80
-1.67
4.84
8.84
0.73
-0.15
8.83
0.82
4.27
-3.06
-3.99
-0.90
4.41
8.33
-3.88
6.72
5.23
-7.73
-7.02
6.54
5.17
2.18
-9.95
7.04
-7.65
3.26
-6.90
-3.23
-6.53
8.20
-4.45
-9.16
7.02
0.16
2.18
2.37
1.34
1.01
-3.28
2.14
8.19
-6.89
9.03
-0.48
-7.52
-7.28
7.53
7.83
8.69
3.07
-7.64
7.18
4.80
5.30
-4.95
8.07
4.05
-4.60
0.24
8.68
5.52
5.25
-4.89
9.18
-6.17
-4.15
2.08
-4.07
-1.22
0.93
0.53
-0.98
-4.52
9.07
-6.97
-4.04
5.64
2.31
1.82
4.88
-9.39
-0.36
-8.99
0.18
-3.26
3.21
0.38
-6.10
3.86
-4.41
6.10
-4.09
-2.69
6.10
-5.78
-4.09
-5.76
-5.61
2.50
0.59
4.81
9.34
-3.88
8.86
-1.09
-8.52
-6.99
-1.59
-1.04
-3.03
4.37
6.70
9.53
-8.69
5.98
-0.57
4.33
-9.05
5.98
9.76
1.13
0.80
4.73
1.23
5.44
5.94
-7.65
-2.33
-6.64
5.42
-0.45
-6.94
-5.68
6.56
7.48
4.70
4.38
7.64
-7.90
2.47
-9.42
7.19
8.72
-2.29
-2.84
8.02
-7.58
4.46
-5.99
-5.85
-0.11
-3.50
-1.69
8.64
8.34
-6.91
9.64
-9.43
-2.93
-3.30
9.44
-0.80
7.45
-4.32
5.32
3.57
6.74
-4.80
-9.08
5.47
-8.45
9.39
1.82
-5.91
-3.50
-2.02
-1.71
0.34
3.62
0.40
-4.63
9.10
-1.70
-9.43
-8.99
-2.66
7.23
5.53
-7.23
-3.58
4.10
-9.12
-6.15
6.62
-1.45
-3.61
-1.04
1.94
-5.88
4.63
-9.30
-6.50
-9.25
6.02
-2.91
9.41
-2.51
3.21
-9.14
-0.52
-9.01
-1.98
1.10
2.70
5.50
4.09
7.93
5.74
9.86
-1.78
0.81
-9.45
-2.72
-6.28
-8.90
-0.83
3.33
8.77
-0.51
-6.11
-2.01
-7.09
8.97
0.89
7.20
4.84
3.92
-4.48
9.58
4.69
5.93
-2.76
4.07
-6.28
7.02
-7.54
-6.08
4.76
-9.09
-6.68
2.79
-3.54
2.86
-9.35
8.54
-5.66
-1.21
9.01
-9.62
-7.97
-5.71
2.25
-5.15
-4.44
4.16
-2.56
-3.47
3.98
-7.00
5.42
-1.20
9.38
7.68
6.09
-9.48
9.50
-7.91
6.54
4.11
-4.06
-5.07
0.20
-9.30
-8.83
-8.84
5.00
-2.01
-2.51
7.68
8.88
6.42
-9.00
-6.10
0.49
9.30
3.75
7.78
-6.43
-7.51
7.15
-1.88
2.72
-0.72
-0.17
-6.56
-0.92
-3.88
-6.98
-1.62
3.71
4.76
-3.41
8.07
7.08
-3.57
-1.10
1.07
-7.44
-6.17
3.54
1.65
-7.83
-3.69
-3.87
-8.07
-7.30
-5.91
4.26
4.49
0.31
6.96
3.73
-3.82
1.67
-6.70
-5.77
-6.38
9.91
4.79
-2.47
-8.90
-6.62
-7.35
1.30
-8.45
-4.66
0.90
1.82
-8.94
2.87
-7.61
8.50
-2.32
-7.12
3.02
3.50
5.16
-6.42
-9.93
-0.51
-7.93
9.32
9.95
8.70
7.25
7.13
-8.74
6.41
-8.22
-7.08
-1.43
1.93
-1.44
-4.44
-7.28
0.30
-0.29
6.94
3.20
7.74
2.74
-3.90
-1.88
3.99
5.91
5.66
7.64
-5.19
-6.54
8.47
6.24
7.47
1.43
-7.10
9.60
2.66
-5.52
-5.40
-8.33
5.78
4.63
3.03
-2.40
-9.26
-7.78
0.91
-1.98
-0.56
0.01
4.48
0.50
-9.94
0.85
3.08
3.62
-2.73
9.57
5.76
9.41
-2.60
-0.13
-6.66
-0.28
1.87
-3.42
3.97
-7.86
-8.13
4.17
-9.81
1.18
-2.57
1.95
-4.17
0.18
-5.91
6.65
-9.31
9.73
0.17
-6.95
-8.80
8.13
7.85
-6.77
5.23
9.59
-8.79
5.04
9.06
5.67
4.21
-9.50
-5.23
-4.27
-8.04
-5.31
-3.94
1.97
8.16
5.75
-9.35
-5.43
2.03
6.69
7.52
2.73
7.76
-0.45
-3.18
-2.85
-0.40
-7.45
-9.05
-0.46
5.78
-9.12
-5.40
4.86
4.31
1.82
-7.93
-8.12
-6.17
-5.37
9.98
7.66
2.66
6.02
3.33
1.59
9.04
-8.26
3.35
-5.28
-4.09
-5.09
-5.10
-0.23
-6.87
-8.24
1.81
-2.30
-9.56
5.33
8.20
6.28
-5.87
7.89
-6.13
6.40
-9.31
2.53
-8.06
1.66
-9.54
4.64
6.79
-3.03
-5.51
-6.00
0.59
-8.37
-2.40
-2.17
6.28
-7.34
-9.01
-4.20
-4.57
3.97
-2.77
7.21
-1.19
-3.06
1.05
-8.63
8.06
-1.95
8.84
1.51
-3.64
-0.73
0.11
2.91
6.40
6.73
3.93
-3.95
3.68
-6.70
3.61
-4.87
3.23
-9.16
2.60
2.81
8.06
7.53
-5.16
-8.35
7.18
6.11
-7.31
-7.02
-8.40
8.54
-4.62
3.77
-3.75
2.67
-8.54
-7.92
5.99
-3.30
-2.05
-8.16
-6.14
-3.07
9.70
7.49
9.72
-5.62
1.81
-0.91
7.31
-3.90
-1.63
8.59
7.92
6.60
-9.34
-2.09
8.84
-4.89
-2.22
-0.72
-5.42
-5.70
-6.96
8.72
-0.87
6.07
9.15
3.08
-2.69
0.02
5.20
-8.68
-6.69
0.23
8.83
0.73
4.64
6.06
-3.52
8.63
9.49
2.42
4.92
0.22
-4.25
5.27
-2.75
3.13
-0.26
-2.00
-3.61
-0.58
-7.23
4.16
9.25
5.59
3.68
-7.66
-5.29
1.13
-4.49
-1.32
-1.51
-3.54
4.40
2.75
8.05
0.65
-1.24
2.36
-9.33
-0.32
7.05
2.93
7.86
5.87
-7.97
7.06
9.06
9.00
-0.17
-0.06
-1.97
9.87
1.82
-3.84
-5.16
6.82
-2.51
3.65
6.57
-4.05
-3.60
-9.74
-9.93
-4.48
7.38
8.69
-0.33
-4.74
-6.94
5.36
3.04
1.25
-2.08
8.88
-1.60
-3.17
7.88
3.62
-3.86
-9.66
9.67
4.22
-2.14
-9.81
8.01
-3.51
-3.71
-1.98
8.80
0.34
8.77
0.41
6.40
0.48
7.82
9.86
3.13
0.41
1.65
-4.29
-0.89
5.33
7.85
-4.49
0.63
9.65
-6.57
7.53
5.05
-5.29
4.18
-4.94
-9.54
-7.75
-3.36
3.08
8.23
-0.57
-4.30
-2.10
6.45
0.83
-9.01
-9.52
2.57
3.16
-4.76
-6.01
-6.84
-1.62
-2.43
-3.74
-0.87
0.61
-4.97
-2.28
-5.65
-7.25
-4.58
-4.51
-4.11
8.23
-5.49
4.24
4.02
3.57
0.75
-5.62
-9.99
7.43
-9.23
-1.70
-0.07
1.69
8.53
5.26
-7.41
0.28
-8.54
-4.48
-0.39
1.20
-3.37
-5.72
5.96
-2.30
-9.91
-3.71
-1.13
3.81
-7.52
1.41
3.41
0.20
4.05
-7.94
-7.20
-4.17
2.22
-6.98
-8.50
-8.98
-5.13
4.18
-0.66
-2.37
2.30
7.00
-5.23
1.89
-8.79
-4.80
5.24
5.60
-6.34
-9.69
3.05
-8.78
-5.79
-7.25
-5.40
6.58
-1.64
9.06
1.23
-5.23
5.37
5.83
-0.13
4.82
-1.31
-8.91
1.47
8.89
-3.05
-6.37
-4.60
1.45
-1.14
1.04
-1.97
6.23
4.90
6.91
-6.57
6.42
9.12
7.97
4.50
3.90
4.16
1.76
2.58
2.94
-7.60
5.37
-6.42
4.20
6.66
5.98
8.93
4.46
-6.59
3.78
-0.68
7.84
1.62
-2.12
-0.53
4.11
-9.62
-4.12
1.94
-0.39
-1.50
-2.36
8.18
-3.36
9.09
-5.97
-4.98
6.60
-7.65
-8.91
4.48
-7.10
-0.41
0.38
-4.67
8.90
-8.27
6.07
4.29
6.78
-4.70
9.42
-4.92
2.80
9.09
1.26
3.53
-5.34
-5.35
3.10
-3.34
-3.49
-6.35
7.51
-5.86
7.35
5.27
-1.63
9.94
-1.67
6.81
1.64
2.59
-5.41
-9.45
7.25
-8.01
-2.62
0.03
-7.21
-9.09
1.94
-1.15
9.47
9.40
-3.18
-4.79
1.24
0.17
0.29
-4.89
-2.54
3.02
-0.51
7.60
9.78
-3.44
7.78
-5.02
-5.99
-4.78
6.18
-8.80
7.44
-0.18
4.26
1.51
2.30
-0.34
