-8.49
9.35
-3.04
0.02
-4.53
-1.60
2.05
2.90
7.65
-6.64
0.91
0.63
-4.90
-1.26
-7.12
6.54
-6.48
-9.81
-7.23
0.89
-1.93
4.54
-6.73
6.12
9.99
2.37
9.71
-4.99
4.69
6.25
-2.13
-0.25
-3.06
7.77
5.40
0.20
8.71
6.44
7.52
-0.68
-4.69
-6.27
7.57
3.95
-4.44
5.14
-6.89
-0.91
1.45
-6.29
8.11
-6.22
-6.96
7.77
-8.08
6.68
-5.84
6.42
5.64
9.53
-5.45
-4.50
-3.55
-3.42
-5.91
-2.52
0.60
-1.89
-5.26
-1.83
-4.29
6.18
-4.28
3.53
2.81
-9.24
-2.24
9.64
9.08
-5.72
-8.20
-1.09
-8.45
2.84
-2.04
5.74
-7.34
2.10
-9.69
4.75
8.15
-3.93
-6.94
4.60
-1.98
-3.19
3.90
0.67
1.05
3.30
9.89
9.59
3.62
-2.50
-8.14
-1.14
3.41
-4.22
2.57
-5.35
-1.42
3.79
-5.42
0.78
3.15
-7.05
3.22
-7.74
-0.97
6.73
0.46
-3.75
5.56
-5.34
5.16
3.77
-3.07
2.41
5.42
5.13
8.34
-4.05
-1.37
-7.68
1.38
7.92
4.82
1.42
9.24
4.35
-1.03
-1.81
-7.49
-0.11
-2.09
-0.06
6.07
-0.40
7.34
-3.23
7.74
-4.50
4.78
5.44
9.32
-4.06
3.90
-1.15
0.63
-4.01
-4.13
4.28
7.22
6.87
-6.46
-6.39
-7.76
-7.31
-6.17
-1.47
3.33
-7.58
4.08
-6.07
-5.10
-4.49
8.05
2.61
6.61
8.91
-3.04
4.32
8.59
3.98
1.56
2.46
-5.99
1.20
-9.56
-8.68
9.74
0.78
-9.45
-2.82
5.53
-2.50
-4.67
-3.65
-7.44
7.69
-3.77
3.14
-8.20
6.59
3.14
-8.86
2.89
4.18
9.38
0.65
-5.81
-2.39
6.87
-4.38
4.51
8.38
7.21
3.07
-2.67
2.33
-5.89
-1.74
-2.06
0.62
2.90
8.50
-5.75
-0.12
-7.18
-0.97
-8.15
9.44
7.51
-6.15
3.93
4.06
9.52
-5.26
6.78
0.07
4.40
-8.44
1.34
-6.91
-0.06
6.96
-8.44
5.51
-3.74
8.67
0.11
1.85
-7.69
-7.60
-7.90
0.01
4.50
8.52
7.50
-3.31
2.98
-4.23
-7.29
-4.94
1.25
-5.15
-7.91
-7.33
4.69
5.25
9.95
-2.03
-6.25
-1.56
3.75
-6.68
7.21
-9.70
-1.07
-7.18
1.37
6.28
6.28
-7.08
-9.39
2.07
-7.82
4.03
5.04
-6.81
2.51
1.25
-9.10
-3.66
-9.08
2.32
9.18
-4.04
-8.20
-9.11
-1.72
-1.16
8.95
-6.71
-3.82
-9.98
0.19
6.93
7.82
-6.81
8.93
8.38
-6.66
8.52
2.94
-0.70
2.67
-8.74
-8.75
-1.59
-7.67
4.03
-0.37
-2.52
9.77
6.10
-4.68
9.60
1.15
-7.34
1.71
7.79
8.02
7.28
-6.59
2.08
8.56
0.67
-7.40
-6.83
9.04
-1.18
-3.01
-9.11
1.06
-6.32
0.28
-4.59
-9.69
-0.44
-4.45
9.52
-7.68
8.24
2.34
-0.06
0.93
6.06
7.93
-4.09
5.14
6.00
3.56
3.10
-0.21
-2.01
6.13
0.99
5.92
-9.62
6.02
1.90
6.26
6.01
-8.32
-0.34
-8.42
5.64
-8.37
6.25
3.45
2.18
4.42
4.32
9.07
-1.40
-2.75
-6.19
-6.16
-7.16
3.86
0.89
7.24
2.71
2.26
7.15
7.56
-6.02
3.00
7.33
1.36
4.75
8.60
-6.39
3.01
9.19
-5.33
-5.35
-9.94
-6.08
-6.57
7.49
0.13
9.97
-9.69
-9.58
4.77
-6.47
-5.91
-5.11
6.09
-1.31
-8.64
4.78
-8.33
-4.90
5.80
0.90
-6.55
-6.07
-6.94
-1.00
6.16
-4.99
-8.34
-0.58
-9.07
-1.57
0.77
-3.58
-0.21
-6.33
5.25
5.40
6.55
9.40
-1.18
-3.96
-0.25
-2.90
5.72
9.62
3.37
-8.51
-8.20
8.49
0.79
1.14
5.34
-4.06
7.71
-7.88
-1.55
-5.46
9.68
-1.96
9.61
1.08
9.79
-0.58
-2.07
6.18
2.17
5.64
9.81
-3.13
-3.01
2.57
8.66
-9.95
-7.55
-1.04
8.12
-4.95
-0.47
-5.26
-0.32
-6.50
-4.93
4.39
-4.87
-5.52
8.69
-1.55
-5.54
-6.87
-0.56
-3.69
-0.01
-9.05
7.48
-6.54
7.19
5.74
-3.26
-3.77
-7.07
9.43
-6.12
7.19
-8.32
1.91
-0.58
-5.59
0.39
-1.14
-3.48
7.57
2.63
1.97
-6.90
-5.93
-7.44
9.35
2.89
-1.55
9.48
-5.46
1.06
-2.06
3.46
-7.98
0.04
-2.49
2.75
-2.45
1.17
-2.55
3.55
1.24
7.79
-3.39
-7.16
1.72
-4.62
4.39
4.77
-0.64
4.43
4.72
1.38
-3.36
-8.38
5.00
-1.86
4.02
4.92
-6.72
5.05
-0.80
-1.70
-3.35
3.83
-2.07
-8.40
4.11
-8.09
4.68
-8.76
6.95
-6.25
1.05
-2.62
-0.20
-9.77
0.23
-6.88
-4.57
6.61
5.47
1.45
-3.43
9.81
0.90
5.46
-2.36
-4.49
-7.42
-2.49
-0.28
-4.18
8.14
-6.97
-8.19
8.02
-7.11
-5.57
1.47
-4.89
-9.18
0.85
8.00
-1.26
8.28
9.45
1.35
-4.93
8.77
3.60
-0.28
-5.60
-3.24
-6.06
9.13
-5.08
-1.24
7.61
-1.93
-8.56
-0.26
-8.45
-9.81
9.57
3.03
5.28
8.41
6.06
-8.20
8.93
-6.61
5.91
0.31
2.06
9.48
-3.17
-7.05
-1.07
1.49
-8.30
-0.67
-4.11
-4.96
-0.26
3.41
-3.67
4.02
-3.17
-5.15
9.16
-2.01
-4.19
0.83
6.00
-7.29
7.20
6.16
-6.85
-2.94
-8.87
0.13
3.61
-0.69
-9.00
-1.92
5.00
5.92
9.48
-4.29
8.88
-3.95
-2.41
4.51
-2.84
4.82
-2.64
6.21
-8.77
-1.51
8.79
-5.56
-0.67
-5.27
1.63
1.82
7.99
-9.06
2.73
0.44
-7.09
-6.01
-0.48
-5.98
-4.86
-5.70
-9.83
9.70
-2.01
-2.55
1.26
7.83
-9.53
-3.49
3.32
-2.46
-7.24
-1.89
5.12
-3.40
9.32
5.42
-2.83
3.41
5.48
-8.76
5.04
-0.71
-7.25
4.16
3.34
9.42
-1.06
1.06
-9.35
0.19
8.27
9.04
-3.63
1.38
7.42
9.84
-0.13
-8.80
3.01
9.97
-7.39
-7.74
6.10
9.58
4.01
-3.36
9.46
-6.70
1.46
8.25
-6.93
-3.90
5.31
0.46
3.66
7.27
9.28
-2.74
3.74
5.75
7.06
-3.98
-4.10
9.85
-4.34
-0.07
-2.17
-5.52
-3.86
-1.63
-6.09
-0.87
2.30
3.16
-1.23
-0.47
-1.89
-0.99
-1.41
6.27
-5.71
-3.88
5.71
3.53
4.82
3.16
-7.80
-9.17
-6.04
8.75
-2.05
1.19
-5.58
9.50
-0.95
-1.34
7.22
-7.20
-8.12
8.39
4.01
-7.53
-1.27
2.36
2.36
5.34
-9.55
-6.12
-5.32
7.01
-8.20
4.08
1.41
-5.24
5.12
-6.66
9.08
-4.15
-2.02
0.96
3.92
9.30
-9.69
6.09
1.53
-0.75
6.87
-6.95
3.36
8.07
-9.64
-5.78
0.57
7.28
1.15
-6.39
-4.12
-5.47
-1.04
4.18
4.06
-5.42
-7.71
2.09
1.68
-7.43
-8.85
-9.01
6.74
-2.37
8.74
-0.52
-1.19
4.96
7.71
4.83
0.31
-5.48
-3.38
6.19
9.52
-5.59
-7.82
0.22
6.02
7.20
-7.03
2.48
-0.92
7.07
0.25
7.60
-0.26
6.26
-8.59
-8.69
7.11
-1.46
1.77
7.56
9.55
-1.80
0.35
3.76
-8.60
2.39
-4.84
7.39
5.79
-4.84
-6.29
6.90
4.25
1.17
-5.63
0.28
3.67
7.25
-5.88
-5.81
1.29
-0.04
8.38
6.95
-1.68
-2.76
8.60
-1.62
2.81
2.32
-6.92
-0.25
-7.60
-2.11
-3.20
6.86
7.59
8.88
-4.23
9.38
-3.85
-8.32
-8.35
-0.37
-0.76
-1.71
-7.89
-6.06
-0.03
-6.92
-7.36
9.59
4.98
-9.22
-4.45
-9.37
-0.47
-6.67
-8.55
5.53
7.04
-5.84
-0.70
9.90
-6.69
7.68
-9.81
-2.57
6.43
-7.66
-9.19
-7.97
-7.32
5.20
-7.91
4.42
-0.71
-3.67
-1.34
6.32
4.52
0.98
4.72
5.15
5.74
-2.23
-7.94
-7.29
6.24
-9.04
-4.32
-9.36
-8.84
4.95
-7.21
5.95
-6.59
9.15
0.78
-0.25
0.05
1.32
-0.34
2.20
-0.20
7.45
4.81
-3.02
2.36
6.49
5.45
8.19
9.99
-2.17
-5.34
-7.05
-7.71
-0.23
6.37
-7.14
4.42
-2.83
5.10
7.22
-0.33
6.19
4.02
1.49
-3.03
-5.49
-3.08
-6.28
-6.26
4.97
-0.18
-7.61
5.06
0.80
7.68
8.62
-0.52
0.59
2.01
-4.05
-7.77
1.15
-5.12
0.73
6.47
-3.72
5.04
-3.64
3.17
9.66
-8.32
4.40
-9.80
-9.98
1.57
-4.28
-8.63
6.60
-4.89
-5.12
5.90
-6.90
6.92
0.69
-0.88
-1.75
6.74
6.27
-5.15
-8.91
-4.00
-8.39
-9.83
-0.89
5.94
-8.18
3.25
7.38
-7.24
-5.85
-5.26
-3.28
-4.49
6.91
-6.50
9.20
-7.81
-6.53
7.12
-1.12
-0.05
-5.61
8.06
-3.89
-5.28
-9.15
-4.22
3.41
-3.87
-7.51
5.78
-8.95
-6.79
2.81
5.90
-9.52
-3.50
5.19
-9.29
-6.19
-7.64
2.77
-5.53
-2.70
4.78
-4.85
-6.58
-2.89
0.72
5.20
-2.13
-4.57
4.19
-0.97
4.87
5.05
-4.90
-7.77
-8.04
-9.46
-1.87
5.48
2.70
-5.84
-2.46
2.82
4.61
4.65
3.38
-4.55
-9.93
-3.08
4.77
4.40
0.85
0.94
-4.16
5.10
6.98
7.76
-9.88
6.97
0.38
-9.03
8.69
-8.79
-5.88
-8.42
-1.94
-0.19
7.69
4.49
3.12
-0.95
9.17
-5.24
-8.96
-9.46
-5.36
1.65
-8.50
-7.20
-4.33
-1.31
9.05
6.83
-4.52
7.82
-6.85
8.40
4.29
-4.22
1.51
0.50
-5.47
-9.16
2.45
8.95
6.69
7.98
-8.28
-5.81
6.16
0.76
9.63
2.64
1.88
7.77
-6.13
-9.53
7.42
-7.88
-6.08
3.10
-5.02
1.72
2.42
3.48
3.10
8.76
9.27
-7.71
8.59
-3.56
-5.90
-6.88
3.34
-9.01
2.57
5.92
6.63
7.19
2.36
1.63
-6.35
5.46
4.30
1.31
-9.37
8.79
4.31
-7.24
-2.46
-2.65
-8.20
7.81
8.59
9.23
0.17
-6.59
-8.43
5.17
4.93
-0.34
-3.72
5.62
5.24
-2.22
-7.06
-1.98
-5.71
-8.60
-8.91
2.72
-5.66
-6.03
-0.42
-4.65
1.90
-4.25
-1.63
-6.00
-1.23
-6.82
2.69
9.23
-5.55
4.03
-9.79
5.08
-4.25
1.29
-8.15
9.13
8.96
9.00
-3.17
-0.19
-9.60
-6.94
-7.40
9.14
-9.02
-9.71
-9.66
8.76
-9.83
8.71
-3.50
-2.21
5.34
2.27
1.14
0.22
-8.21
-6.88
3.70
-9.71
-0.70
4.48
6.69
-6.25
0.74
-2.59
-1.93
3.30
-1.70
-5.56
-7.13
-3.83
3.19
3.16
-5.29
-7.83
-5.87
3.13
7.79
0.09
-9.52
8.95
0.07
-9.23
5.62
-7.18
8.14
4.90
-3.97
-0.41
4.53
-6.33
-8.10
-2.50
-2.01
0.34
4.81
-2.30
7.45
0.99
-1.94
5.73
0.15
-7.55
-4.67
-2.09
-5.23
5.60
-6.65
6.07
-0.04
-7.88
-5.97
3.43
9.09
2.91
1.90
-5.05
1.67
6.12
2.27
5.23
-7.76
3.16
5.93
7.06
-2.80
-9.42
-4.20
3.71
0.34
6.14
1.43
8.24
7.54
7.03
-3.33
-7.23
-8.57
-1.51
6.38
-9.10
-3.48
0.90
-2.31
6.50
5.48
-6.55
1.44
-8.15
-2.83
2.56
-0.56
8.32
-2.97
-6.86
3.18
-7.24
-9.46
-9.19
-0.36
2.60
0.23
-6.71
9.75
2.99
-2.96
-1.09
-4.83
8.81
6.44
-9.43
-0.92
5.02
0.23
3.09
-3.52
-1.84
-5.72
-7.73
-0.35
2.34
3.19
-6.45
-5.44
-7.25
-7.76
8.65
-6.41
9.81
-2.65
8.03
0.40
7.18
-6.26
7.64
-7.53
6.58
3.76
7.75
-3.06
-7.26
4.70
-7.84
5.46
-8.53
7.00
-4.02
3.51
4.01
3.66
-0.15
0.03
0.86
1.43
-0.96
-7.21
8.02
-5.69
5.33
-4.80
9.07
-9.91
9.82
0.27
-4.13
-9.43
4.99
7.18
-8.72
-4.03
-6.22
6.21
-3.10
-5.78
4.24
7.61
8.90
5.86
-2.52
-9.95
-4.70
4.92
7.31
-5.75
-2.54
6.69
-0.40
-2.58
9.29
2.81
9.45
-5.80
-3.00
-5.64
4.42
-0.43
-7.29
3.60
-8.24
-0.41
4.96
-4.98
-2.09
5.31
-0.78
6.14
-1.60
-4.22
-8.40
-1.04
6.14
5.47
8.87
-7.53
-3.60
2.06
-2.16
6.91
-3.58
9.87
-2.69
0.45
-2.07
4.88
-4.31
8.87
0.68
-3.25
7.39
8.81
5.01
3.53
-8.87
-4.58
1.62
-5.27
3.30
-5.29
-3.17
8.33
9.47
1.59
1.12
-2.71
7.22
3.86
-0.51
-8.64
3.32
3.15
-8.68
9.66
-1.51
-6.94
-1.72
9.68
2.87
5.46
8.08
8.36
-4.81
5.30
-7.58
0.95
8.89
4.78
7.07
-6.93
-1.67
-2.67
-7.62
-8.25
8.05
2.13
2.22
-8.88
-1.54
-0.24
-0.44
-1.82
-9.18
9.58
6.75
-5.53
4.83
9.58
8.64
-0.87
-8.12
9.09
-3.28
9.10
-2.96
-4.70
-7.69
1.95
-6.98
3.86
-2.99
-2.96
-0.86
-5.49
8.51
0.66
8.49
2.13
9.83
-9.27
-3.69
3.95
-9.76
6.66
-7.09
-6.47
5.79
0.07
-6.01
2.08
-2.19
-8.07
-8.31
-2.13
-2.67
-8.20
-0.51
4.17
-6.41
4.72
-6.12
6.53
-5.18
1.49
6.20
9.89
-0.70
-2.21
7.57
-3.76
5.02
-2.01
0.15
3.37
-4.23
9.07
-2.21
-4.58
-7.88
0.37
9.22
5.77
5.17
-5.13
6.90
3.00
1.25
7.38
-5.29
0.39
-4.17
-4.39
-2.52
-0.22
4.50
-0.59
5.57
-9.77
9.48
-5.98
-2.30
-7.77
9.43
-7.08
-5.04
8.05
-8.99
5.80
9.26
8.81
-9.93
7.42
-0.59
-1.02
0.74
2.87
-2.28
8.83
0.48
4.93
0.50
-4.43
9.20
9.07
5.44
3.74
-9.29
1.88
8.97
5.41
-5.63
8.32
6.92
-8.99
5.36
-6.37
-8.66
-8.84
1.46
5.38
6.77
0.39
4.59
-8.63
-0.91
3.14
5.19
-1.00
0.00
-7.19
7.60
-8.38
0.29
4.44
-5.48
7.68
-5.00
-8.35
-1.31
-1.87
-6.28
8.46
-0.06
7.82
-1.12
6.60
-4.27
-3.62
5.53
9.00
3.25
4.45
5.37
9.97
1.25
0.52
8.39
2.85
9.78
-5.57
5.21
5.55
-4.15
-7.22
3.11
4.85
3.20
2.15
-0.94
9.89
-5.68
-4.48
2.77
-4.50
2.78
7.74
-7.14
6.16
4.08
-4.43
-0.60
0.98
3.10
7.78
-4.24
-9.51
6.24
1.26
-6.91
5.79
-3.59
8.45
0.44
-9.24
-0.92
-8.14
3.64
-2.21
-2.68
-8.69
6.11
-2.06
4.12
-0.50
4.71
5.80
-9.91
-8.53
3.78
9.97
-5.43
3.67
0.43
9.65
-1.60
8.26
4.24
8.00
6.38
-1.86
4.57
2.80
-2.39
8.50
8.42
5.27
-8.23
-9.59
2.19
7.37
9.54
2.13
0.27
8.45
-4.78
-6.31
-6.27
1.75
-0.29
-9.52
2.15
-8.57
-8.02
-8.66
1.72
0.69
-2.88
6.93
-7.23
1.68
9.13
-6.18
-0.15
7.82
-3.47
-9.88
7.49
-0.94
9.02
8.13
4.66
0.81
3.18
9.68
1.29
7.14
-4.62
-0.19
9.68
8.86
0.11
4.39
-5.85
-2.93
1.75
7.33
2.02
2.87
-2.10
-7.08
-1.11
3.85
2.54
9.08
1.57
-2.07
6.93
-3.00
-8.39
-4.79
6.56
2.84
2.62
8.46
-7.84
-2.83
4.56
-7.10
-7.02
-2.30
-2.01
-4.23
-9.63
0.94
1.55
6.54
9.90
-1.50
5.68
8.12
9.98
3.50
-4.20
-0.06
-4.67
2.84
-2.00
-6.67
-6.77
0.94
-9.61
9.94
0.74
-9.51
-6.76
3.83
1.04
-4.06
1.07
-2.28
-2.97
5.34
9.76
-5.76
0.21
-4.01
1.76
-7.38
3.10
9.88
2.69
-8.51
-6.79
4.07
-7.68
8.52
-3.19
-7.87
3.03
-2.66
-9.56
1.86
9.03
-7.40
8.53
5.13
-0.70
3.50
5.00
5.45
-2.55
6.72
-2.83
-1.18
1.68
-0.84
9.96
-6.46
7.81
1.22
8.64
4.58
8.66
-8.85
-1.90
8.15
-7.12
1.26
-3.08
-7.88
-3.82
-3.58
4.22
7.81
8.40
5.64
7.55
-1.04
9.24
7.21
9.85
-6.73
-4.05
-1.85
3.65
-7.62
-3.91
8.54
-9.42
5.69
8.36
-8.64
-5.56
3.87
4.83
8.38
5.77
-2.61
-2.46
2.97
6.24
-3.92
2.58
0.14
-9.17
-5.03
4.95
4.66
-3.99
2.29
-2.90
-2.18
-7.98
-4.89
-5.55
3.38
7.36
-1.65
0.93
3.52
3.66
-7.31
7.68
-4.81
9.03
7.11
-1.95
7.61
7.95
1.55
1.99
-8.40
-4.04
-4.57
-6.99
1.20
-2.82
7.65
-9.22
-1.62
-7.22
3.58
2.56
1.30
-1.44
-5.18
6.44
6.91
-0.20
7.22
9.79
8.37
1.42
2.91
5.70
-2.00
1.58
-8.17
0.82
-3.62
7.01
-1.47
-2.45
-1.81
-2.09
-0.29
3.86
-4.58
0.80
-1.73
-6.38
8.63
-2.68
9.39
-9.09
6.77
7.15
4.33
1.06
6.36
-6.88
7.57
1.88
-9.54
6.68
-7.18
-2.06
-1.82
1.89
-6.35
-8.77
5.36
-4.04
-5.64
-8.84
6.94
4.53
-3.42
-2.87
1.76
9.82
7.38
-3.20
-9.62
9.74
4.40
-6.93
6.46
6.10
3.75
3.05
-7.52
0.06
6.15
2.01
0.31
-7.09
7.04
-4.44
7.27
0.36
6.32
-6.96
8.34
-1.60
3.17
5.38
-4.85
8.89
-8.18
0.49
2.29
3.03
3.65
-0.70
-8.28
-9.23
-8.56
5.60
-4.28
-5.66
1.28
-7.21
9.14
-5.98
7.78
0.65
-8.43
4.20
-1.68
5.34
9.92
8.04
1.72
-4.41
2.25
8.58
7.24
-1.61
-6.74
4.70
9.35
7.18
2.21
9.83
3.90
-4.29
-6.13
1.77
-8.54
-9.33
-6.97
1.43
-6.76
6.27
-6.66
8.99
-4.54
-6.13
0.99
-4.74
7.51
9.68
3.91
-3.41
9.86
-6.13
7.12
-8.63
-3.04
4.01
4.82
6.26
-8.81
-3.89
9.85
-9.76
-6.96
-3.75
-8.83
4.70
3.50
-3.93
0.01
7.55
4.10
-4.86
-4.80
-0.37
-9.73
3.38
8.45
-8.57
3.62
6.62
0.13
-1.70
-1.14
8.49
6.13
2.26
-9.14
-8.32
6.53
8.53
-2.48
-8.22
-3.35
-5.09
4.13
6.76
-8.92
2.17
4.78
-4.78
1.37
3.49
6.45
6.63
-2.04
1.17
-8.56
-3.49
-3.02
8.66
3.74
9.82
2.63
6.09
-5.01
5.69
5.57
7.37
-4.42
6.47
8.19
7.07
6.62
4.35
-2.81
5.11
-1.65
8.72
-5.80
-2.59
-9.39
7.19
4.99
-9.30
0.98
3.63
-2.00
9.52
-3.69
6.21
-7.29
-6.44
-6.87
8.56
8.55
-6.51
2.62
-2.66
-5.15
3.44
5.88
9.05
-7.26
-1.91
-5.11
9.57
9.18
-7.26
4.99
-0.79
-5.76
-5.73
-5.58
-3.37
1.83
1.22
-3.47
4.63
4.82
1.17
0.37
-8.95
4.91
3.31
5.13
7.75
8.16
-5.32
4.26
0.90
6.53
-2.16
4.68
-4.25
-3.77
-1.59
-3.11
8.85
-6.57
0.33
1.49
-9.03
-1.96
-2.78
7.79
-6.16
6.01
-2.25
-9.93
3.76
1.03
-6.74
-2.79
-4.74
5.96
5.78
1.26
7.91
4.89
4.44
0.54
-0.50
-3.73
8.57
2.97
-1.50
7.85
5.47
5.25
9.19
-6.10
1.03
-6.61
-7.67
5.56
-8.62
0.41
-5.24
-5.24
-6.42
6.66
-9.22
2.39
3.55
-1.45
8.64
-8.63
-0.60
-8.89
5.21
-4.76
-1.82
-9.80
1.87
2.87
4.23
-0.08
4.87
9.91
-2.66
-9.22
3.23
-2.34
-1.39
-5.62
7.27
9.91
2.47
0.09
0.92
8.44
-7.36
-0.47
-8.95
-2.24
-9.57
-5.75
6.67
-0.22
-6.72
-7.57
-8.57
8.88
-8.05
-9.86
2.37
8.24
4.09
2.79
-1.95
-2.15
-7.28
2.39
9.25
-5.09
7.47
6.25
-4.63
-2.71
-3.16
-7.21
-0.50
-9.49
9.50
-10.00
5.58
9.15
-7.11
-7.73
-9.59
-7.05
7.13
-8.92
-6.03
8.58
2.41
-4.64
0.98
-2.57
-2.01
6.98
-3.16
0.22
-9.07
7.10
-8.86
-1.02
-7.36
-1.07
-8.14
7.04
1.47
2.56
3.30
7.60
9.33
7.54
-9.01
-8.33
-9.42
-1.28
6.57
-4.22
-8.72
1.05
-4.13
-9.75
6.85
-1.02
3.32
-1.40
6.44
-3.99
-4.31
-1.29
-8.09
-9.91
-1.59
6.32
9.76
-9.53
7.58
-8.37
3.96
-8.41
-9.26
9.44
7.93
9.72
-0.46
-6.42
3.76
-2.19
7.48
-3.73
6.69
4.46
-4.21
2.92
3.19
-7.74
0.62
3.06
0.56
1.51
4.66
8.13
-3.75
-5.37
6.20
-3.50
5.11
7.05
9.01
-3.34
-7.47
0.22
5.87
8.87
-8.26
2.25
-0.90
-3.76
-6.70
-8.10
-8.91
5.57
4.95
-8.46
8.00
8.73
9.97
4.59
9.74
5.22
2.08
3.28
9.43
-3.59
5.13
2.14
-4.72
-7.77
-4.41
2.97
-1.77
0.83
-3.95
6.87
-1.64
1.89
-2.18
-1.03
-6.82
-5.84
0.72
1.47
0.99
-2.07
8.28
0.66
2.41
2.97
6.35
3.46
-6.83
2.62
3.38
9.19
-8.67
4.61
0.37
-7.84
-7.96
-0.68
8.72
0.66
-7.03
-4.01
3.99
8.12
3.51
7.59
-6.16
1.83
0.89
-5.05
8.15
5.10
6.37
-9.26
9.50
-1.69
4.56
-5.96
-7.88
-5.50
-0.98
-4.07
7.45
-4.73
7.29
6.92
4.43
2.34
8.51
6.73
2.65
-9.33
6.57
7.11
6.45
-1.35
2.23
8.21
-1.89
0.92
-3.01
-0.65
-1.64
-0.47
2.07
4.52
-7.91
-0.90
-4.39
3.47
7.70
1.48
1.02
8.95
7.90
5.67
9.88
-9.35
0.37
8.47
2.31
6.54
6.16
-8.32
8.01
-7.74
-5.85
-8.71
1.09
9.11
-0.44
-5.56
-8.15
1.26
-5.29
-0.41
8.55
2.90
-9.87
5.77
-7.67
5.92
-5.88
6.27
-1.47
8.60
8.99
-7.35
7.28
-3.78
-8.11
4.46
-3.28
-6.06
-1.35
-9.52
1.87
2.68
-1.54
-3.02
-7.75
-1.23
-2.25
8.73
-8.51
7.65
1.23
-1.72
-8.13
-7.35
8.32
9.19
7.13
9.15
-6.94
8.88
-3.46
4.92
5.57
-3.38
3.30
-2.79
3.31
2.36
0.63
7.25
-9.86
2.01
8.37
2.71
-8.65
4.79
-6.49
8.79
2.85
-1.75
-2.49
-1.35
2.54
6.67
3.74
3.65
2.01
8.34
8.05
-5.93
6.80
7.43
5.65
-8.93
3.15
6.08
-2.61
0.29
-0.42
-7.69
8.55
7.94
1.27
9.31
3.37
9.79
5.42
1.90
8.30
-6.10
-4.32
5.58
7.18
7.52
3.91
-5.99
1.50
8.92
-2.84
-9.66
-1.26
-5.28
-1.75
-1.82
2.12
3.36
-2.17
-2.30
4.61
5.28
6.27
2.61
0.63
0.57
3.33
3.57
-1.68
-5.46
-6.11
-6.37
5.65
-8.03
7.66
1.42
-6.63
0.61
-8.79
7.63
8.09
4.59
-9.64
-9.57
-1.51
-1.76
-9.04
-4.49
7.78
1.20
-3.63
-3.77
-4.36
5.11
9.57
-0.33
2.63
-7.15
-1.78
4.09
0.34
0.66
-9.37
3.44
0.25
3.97
0.84
4.61
4.57
-2.56
-9.04
-6.99
-7.90
9.93
8.81
-8.03
2.20
4.92
9.10
-8.07
-9.86
7.13
-3.87
-5.43
-3.20
5.84
-3.69
8.02
5.95
-4.41
-1.55
-1.72
-7.88
4.99
-9.89
-7.13
-7.61
-6.00
7.92
2.12
4.93
-9.39
-9.70
-6.25
7.73
7.32
-9.64
6.46
0.40
8.15
-2.56
-1.94
2.29
6.83
5.10
-6.25
-9.97
6.65
-6.07
-9.67
7.59
2.76
7.19
1.71
-7.97
-2.49
7.43
1.64
7.99
9.31
-7.81
9.01
-5.82
5.89
-3.03
-8.43
-5.19
2.28
3.47
-6.50
-0.75
-5.53
1.42
2.66
2.98
9.09
1.90
2.91
-7.10
-0.15
-9.50
7.38
-9.78
-8.58
-1.81
-1.95
-5.98
1.29
-1.68
7.55
-1.39
0.25
7.59
8.50
7.70
2.13
-0.63
6.32
-1.21
3.44
7.22
0.84
0.54
3.53
7.06
-7.39
-3.43
5.83
-4.21
-0.68
-1.42
-9.12
-5.28
-1.92
2.08
1.78
-4.14
-0.90
7.70
-7.43
-0.87
6.54
1.41
0.30
-1.33
-8.07
-3.50
-8.66
6.50
-4.03
-9.25
2.57
-8.67
4.34
1.66
8.11
1.03
-7.08
-6.97
-7.92
6.61
8.38
-4.10
-1.70
-4.08
-0.54
-2.93
-2.84
-4.77
4.79
-1.71
0.67
6.83
-7.31
-0.81
6.06
0.61
-1.26
7.20
-1.37
7.99
-3.37
7.40
-5.44
-3.87
7.98
-4.34
-5.90
-9.37
6.71
7.99
6.03
4.87
3.60
9.29
-6.21
4.03
6.70
-5.29
4.00
1.95
3.17
6.62
8.06
-0.96
-1.81
0.38
-2.74
-0.78
-3.47
2.05
2.27
-5.89
2.52
-8.94
-2.59
-7.42
3.89
-8.80
0.54
3.76
-4.76
2.67
8.96
-8.31
6.63
-1.19
2.16
9.63
-6.93
0.14
-8.10
-7.71
-9.58
9.17
-9.66
-6.02
-6.65
-0.97
-3.23
-9.07
1.00
-1.08
-6.39
-4.26
5.98
9.70
-7.73
2.27
-7.70
-7.46
-0.41
8.97
-2.11
3.95
5.30
-1.20
7.24
0.17
1.34
3.91
9.99
4.12
-6.46
-6.86
-9.16
-1.97
-3.78
-9.49
6.61
-5.20
-9.43
2.80
-4.02
-8.67
-2.84
4.39
-2.51
-3.12
3.40
-2.58
1.58
-0.40
-3.49
-4.58
-7.84
4.29
2.58
8.58
3.33
4.65
2.41
-1.30
6.99
3.05
4.75
2.04
-3.15
0.93
7.54
8.09
4.55
-7.01
7.76
-7.51
-6.57
8.38
-9.47
-7.81
5.64
-8.18
-1.82
0.86
8.22
7.91
9.72
-7.09
-6.31
1.81
-8.52
-5.98
0.92
-0.78
9.53
6.45
-8.27
-1.05
4.49
7.13
9.01
1.20
-0.73
6.83
-8.14
4.53
0.56
8.33
-6.56
-5.15
4.48
-8.10
-2.83
-0.66
7.14
6.05
-3.18
8.64
-9.26
-8.16
-3.77
0.26
5.78
-1.26
-5.85
6.42
0.02
0.22
-9.99
-0.55
-5.18
7.19
-4.00
-2.18
-0.50
7.46
-8.65
5.97
4.35
9.24
4.22
-8.91
2.87
-3.10
-3.08
9.89
3.90
-2.93
0.14
8.55
4.23
3.26
-8.34
8.98
2.42
-3.02
5.30
4.46
4.32
-6.29
5.72
-2.17
0.94
-8.38
-5.39
5.38
9.44
-8.66
3.97
-0.53
-2.40
4.78
2.08
-6.89
2.71
1.20
7.86
-0.44
5.22
8.65
-0.97
-9.93
7.95
-1.17
9.98
2.97
1.43
-6.39
4.76
7.13
5.98
1.24
0.91
-7.03
-8.81
0.43
9.78
-5.90
3.43
0.43
8.77
-7.16
1.91
-4.88
-8.49
-7.45
-5.89
-0.56
-8.91
-9.95
-8.99
6.12
2.48
-8.79
-7.17
-9.15
-0.68
2.83
5.98
4.12
-8.96
3.89
1.69
-2.25
-4.25
9.39
-2.99
4.29
-5.46
9.83
8.94
-2.66
2.97
-0.50
2.03
-8.92
5.07
-3.36
0.33
6.88
5.84
8.68
4.26
5.44
7.61
5.64
2.88
-7.78
5.94
-5.20
2.37
-5.37
-9.20
-0.22
1.25
-1.17
8.50
-2.77
-7.02
4.46
-9.90
-5.96
6.57
5.31
1.86
-1.50
5.79
-5.92
3.47
8.27
-2.27
-0.60
9.46
8.42
-8.88
-6.81
-0.34
2.64
-4.74
-3.51
-5.77
-9.26
0.01
1.88
-1.19
-4.48
7.61
0.66
-4.41
-7.74
-3.20
-7.15
5.73
3.81
-9.98
8.18
-1.09
-5.50
4.20
-3.82
-4.44
5.93
-4.19
-6.50
-2.59
7.84
0.85
6.59
-8.01
7.12
0.24
-2.18
6.67
8.13
-8.55
-6.75
-2.04
7.39
-3.18
0.07
-8.45
-4.13
9.29
-8.02
-1.13
-8.12
6.14
-9.58
5.66
-2.19
-8.66
0.06
-1.72
3.76
-2.80
6.33
3.30
-8.85
5.84
-6.52
6.08
-0.39
1.24
-8.99
3.91
-9.91
-7.64
6.72
-0.73
7.35
-1.93
-5.50
9.05
-4.92
-5.59
-5.01
-4.92
6.58
-5.11
-2.85
-8.18
4.36
4.46
-0.98
-3.28
-8.51
-2.37
-4.37
-1.15
8.17
1.60
-7.69
-8.43
-3.73
-5.23
-8.54
4.70
5.35
1.53
-9.09
1.89
2.96
-6.34
2.03
-1.14
2.52
-0.78
5.67
8.02
-8.11
9.37
-5.91
5.21
-4.32
3.91
-3.00
4.08
-5.48
5.99
-0.20
-6.10
-5.65
6.76
-7.82
6.17
8.87
-9.50
-4.78
5.91
8.27
0.88
5.07
-6.91
-2.59
-0.96
1.35
9.91
-3.53
-6.07
-1.59
-0.49
7.39
-4.21
7.59
-8.25
-1.05
-6.83
8.56
1.71
-6.17
4.27
-2.15
-3.56
-9.21
3.10
-7.20
-4.23
4.84
-8.81
-1.04
2.56
-1.16
-4.54
-0.93
8.26
9.50
2.75
-8.23
9.22
0.82
-8.14
-1.77
-0.54
8.32
-6.51
4.63
-4.47
6.97
-1.15
-1.14
-0.95
6.07
7.60
9.40
-7.44
4.18
-4.51
4.50
-5.66
7.19
-7.24
-0.04
7.77
2.67
-6.57
-6.61
-9.08
-6.32
6.49
-6.74
1.95
5.08
9.47
0.79
5.93
5.51
-5.07
-7.18
-1.26
-1.84
-9.31
3.73
-6.30
3.46
4.21
-5.29
6.49
6.85
-8.04
8.24
4.00
-5.42
4.23
-3.87
-7.20
-9.01
6.08
-0.85
-7.27
0.01
5.07
6.38
-8.60
4.40
6.33
-7.63
5.09
5.43
5.72
0.37
1.68
-3.43
1.52
9.58
-8.65
-6.09
-4.52
-5.32
0.57
-3.25
3.63
-4.38
-5.00
1.31
7.76
6.03
7.02
0.66
7.85
-1.89
-6.56
-5.81
6.41
-7.68
-1.02
-0.46
5.13
9.85
-8.74
-9.82
4.55
-3.86
2.81
-8.13
7.35
-6.52
5.85
0.89
-4.09
-9.20
-4.73
-2.53
4.78
8.83
5.68
-2.73
-1.38
8.80
-2.05
-5.84
-3.74
2.62
0.96
-2.48
-8.42
-7.09
4.22
-3.11
-8.28
0.76
6.84
-2.52
3.28
9.62
-1.30
-0.64
7.27
3.11
-0.85
3.54
-6.88
5.21
9.21
-1.79
-7.22
0.73
2.56
7.99
5.21
4.25
-8.79
-0.38
-8.01
-4.31
-8.69
6.93
-5.23
-9.41
4.77
8.47
-4.98
3.26
2.41
0.68
6.88
-9.10
4.02
-0.04
3.51
-3.23
1.33
-3.38
7.85
0.68
-0.91
-6.21
8.16
-5.22
0.23
-5.36
9.07
-7.21
-9.44
-9.24
-1.16
-9.08
8.62
-4.99
3.27
8.43
-3.56
-8.08
7.13
6.12
-3.38
8.73
-6.58
-9.30
-8.39
0.23
1.43
3.38
-9.40
-9.51
-6.01
0.58
-0.23
4.68
-5.45
5.05
1.44
-6.00
4.85
-4.55
-2.13
6.94
3.71
-7.44
5.18
9.93
-2.46
-9.86
-6.88
-9.49
3.23
8.73
-3.71
6.25
-5.87
0.39
-7.60
-7.67
9.52
2.52
-6.70
-8.84
-1.48
8.92
4.22
-3.05
-1.30
-3.74
-2.95
-1.52
0.32
-6.09
-6.84
-6.84
-3.33
-4.52
1.38
-4.50
-8.88
0.03
6.87
-6.87
1.67
1.13
-3.66
-6.56
-6.66
-8.06
-4.53
-5.94
-0.62
4.35
3.88
0.25
1.58
-9.66
3.54
2.30
-9.48
3.75
6.05
-3.91
-3.60
-9.54
-5.45
0.01
-9.14
5.18
5.74
-8.83
-9.30
3.05
7.82
-5.70
3.87
3.96
-0.18
6.15
8.53
-2.04
7.99
8.84
5.74
9.69
4.92
-4.98
-3.61
-9.90
6.95
-1.94
3.01
-6.51
-4.44
-9.48
7.10
8.00
-1.71
3.74
2.60
-2.24
-5.10
-7.99
-3.90
4.76
4.28
-5.85
-5.57
8.49
-2.08
-4.15
-9.71
-8.34
-4.70
5.73
6.46
9.96
7.14
8.34
9.35
-5.92
1.81
7.20
-7.69
2.05
0.81
1.03
-0.41
-9.93
-1.23
6.20
-8.70
-0.01
-6.37
8.68
0.24
-8.62
2.65
-1.54
1.04
-3.37
9.92
9.64
2.32
6.90
0.83
-0.61
2.52
7.22
9.36
8.70
-0.06
8.78
-6.42
-1.72
-2.32
-3.36
5.17
2.53
-5.87
0.86
8.50
-5.11
-0.51
9.21
-5.17
7.52
9.19
9.71
7.48
-1.39
-5.48
0.90
3.26
-9.76
1.48
-1.83
6.16
-9.87
-1.98
-5.85
-1.45
0.25
0.79
1.35
5.87
5.51
1.52
-4.88
0.13
5.56
4.14
5.13
-1.91
2.90
-7.14
-6.57
-0.47
-9.54
2.12
7.20
1.41
-8.37
8.83
4.45
-6.51
-4.01
-2.28
0.56
-9.04
3.86
0.21
-5.94
9.78
2.72
-2.36
-0.46
0.39
8.72
9.32
5.93
5.31
-3.73
-3.86
8.32
-3.69
8.98
0.19
-8.74
-3.15
-4.93
-8.65
-8.07
5.24
0.15
1.05
1.05
4.29
0.85
-5.86
9.80
-6.93
-7.87
-0.58
0.88
6.27
-8.50
9.36
-8.27
-2.99
-6.63
9.74
8.17
8.43
-3.56
9.78
-3.55
-9.96
-2.51
-6.59
-8.05
4.09
-5.48
2.32
-7.41
-2.12
-7.56
-8.64
-4.90
7.46
-5.56
6.95
2.24
8.42
-7.88
9.15
-0.84
-0.65
-2.41
7.96
6.94
-6.32
-9.47
-5.47
-8.46
5.37
3.49
-2.15
-3.81
4.28
-1.59
7.55
-4.64
6.63
-2.36
-6.42
-1.50
-3.64
2.40
3.10
1.63
2.92
1.95
5.50
-5.14
-8.92
6.62
6.00
4.08
8.48
7.60
-1.44
-5.21
6.51
-3.09
-1.41
-3.61
0.12
-9.56
6.24
-5.16
2.16
7.36
0.80
-8.01
-2.02
8.87
-3.18
-0.39
-4.15
9.53
2.72
6.29
-1.27
4.25
-7.76
5.27
-6.76
4.06
9.70
1.45
1.23
3.80
-0.60
5.55
9.73
-5.17
-0.09
-6.32
4.78
5.95
-6.01
0.31
4.93
5.56
-5.57
2.96
-0.19
8.26
-3.15
6.49
9.63
-1.02
-0.21
5.34
-8.94
-2.20
2.78
-8.32
5.22
-1.51
3.12
7.70
-6.68
4.06
1.85
-9.90
-4.32
-7.75
-0.35
4.98
-0.39
-5.70
-6.76
1.14
-8.02
-0.12
-7.13
0.01
1.88
-8.50
-8.40
-9.66
9.11
1.52
7.01
5.70
4.22
-5.31
5.82
-7.04
-4.53
9.57
-7.78
9.89
8.59
1.87
-9.59
-0.05
-5.17
2.76
2.07
2.52
-7.04
-4.59
9.29
6.49
0.81
2.80
3.66
5.50
2.08
9.92
-7.87
2.98
3.83
-6.46
0.21
4.89
-9.37
2.65
3.21
8.58
-9.46
2.61
6.12
5.69
-1.02
6.37
2.71
7.24
-4.22
5.55
-5.46
9.14
1.32
4.80
0.52
6.15
7.06
-7.56
-2.52
-7.56
6.43
-9.56
2.63
-3.16
1.46
-2.94
-1.66
-8.96
-9.15
5.01
9.92
-1.36
-4.86
8.53
-2.95
3.41
4.58
2.31
9.48
4.71
5.27
5.45
7.59
-1.72
9.30
-6.37
-1.53
-9.46
4.46
-7.48
8.11
4.43
9.08
-4.36
0.40
5.02
7.76
-0.29
3.47
2.95
-6.46
0.75
-5.97
3.88
-7.92
3.88
0.36
1.99
-6.40
-9.94
-5.39
5.76
8.13
-7.08
-5.15
-5.95
9.66
8.68
7.79
-9.30
4.92
-7.58
-7.52
-4.27
-7.70
3.69
-4.11
1.19
6.67
-5.23
0.81
-10.00
-4.48
4.47
-3.24
5.63
2.30
-9.18
-5.45
-9.03
2.37
5.62
-4.91
4.39
7.34
4.03
-6.91
-8.85
3.24
-7.63
6.26
-1.70
-1.58
7.11
-9.38
-8.80
6.49
8.42
-7.36
-0.31
0.21
1.12
-1.33
-7.77
1.70
6.37
-7.55
5.89
4.86
-2.84
1.20
-9.45
-4.64
0.62
1.04
-4.76
3.99
0.50
2.19
-5.09
-0.96
2.71
4.78
5.62
-6.90
-2.80
5.72
6.33
-9.83
-0.75
7.35
-4.54
8.54
3.28
8.51
0.28
5.15
-7.68
8.56
7.25
-3.03
-3.68
5.06
-8.49
5.13
2.31
-4.29
-6.43
-2.68
9.64
5.17
1.31
-5.82
-6.63
7.39
5.58
-4.78
8.94
4.06
7.24
9.97
1.27
9.82
4.07
9.95
-8.61
4.91
-4.58
7.04
3.77
5.69
-7.06
-6.06
7.35
-6.02
-4.69
-7.59
-6.43
-4.53
-4.75
4.67
4.42
8.16
-3.07
-6.11
-6.36
-8.77
-8.29
9.15
-5.82
-4.95
-9.32
0.68
-4.86
2.99
1.71
0.86
1.23
5.56
9.56
-3.34
-2.17
-2.44
6.81
9.22
-5.08
-1.06
-6.02
6.03
-7.11
9.82
-3.19
1.52
3.41
0.43
-1.03
-8.47
8.41
6.58
-1.80
-2.60
-9.60
-8.74
4.01
5.19
-2.80
2.92
5.21
-4.21
-5.82
-8.71
5.22
-8.55
7.20
-9.00
-6.65
-5.64
9.32
-5.95
-9.79
2.93
-5.59
1.38
-4.63
1.46
-9.18
-5.64
-4.71
8.61
-1.77
-3.15
-0.19
0.60
0.72
8.33
5.22
-5.49
-0.63
-1.20
-7.98
7.41
-2.75
6.04
-4.45
-3.04
0.24
5.98
-2.35
-0.94
6.49
-3.46
-2.68
8.21
7.87
5.89
8.69
-3.79
-3.52
5.46
4.33
-5.28
-0.76
-1.44
-8.03
-2.49
-6.13
5.08
2.94
7.80
9.21
-7.08
0.20
6.51
3.10
-3.09
4.33
6.86
0.92
-4.41
5.44
-8.86
7.97
6.77
-0.79
-4.92
-1.35
-7.77
-4.84
-4.37
-4.17
-7.62
-4.82
7.61
3.23
1.38
-9.27
5.00
4.22
3.41
-3.59
-7.67
9.93
0.73
8.45
1.99
9.98
-5.92
5.94
2.96
8.83
6.05
3.07
-3.46
0.93
8.22
-9.53
4.86
7.76
2.40
-6.22
7.68
9.96
-3.12
7.57
-6.85
-2.39
8.06
-7.27
-1.92
-8.26
8.37
-4.51
3.48
0.32
-9.21
-3.90
0.90
1.79
-9.13
5.43
-4.82
-0.81
-3.31
-2.48
-0.67
-1.83
7.49
-3.75
7.01
-8.20
-8.48
4.18
-1.52
5.58
3.84
-8.18
5.32
5.42
-5.47
-4.71
9.88
2.05
8.13
0.68
4.78
-5.16
4.78
3.08
8.39
8.05
3.75
-1.57
1.58
2.85
-0.01
-3.60
1.70
-1.89
-5.68
-7.62
-0.87
3.05
7.84
6.64
-7.76
-4.99
1.28
8.89
6.24
5.29
9.81
-3.70
-8.35
6.39
-6.01
3.10
7.88
3.54
-2.49
9.98
7.75
3.89
-7.72
-8.78
8.33
6.27
1.53
7.93
3.97
4.80
1.56
5.28
6.90
9.37
-7.28
2.03
-8.70
-3.80
0.33
-9.62
6.15
-8.47
-3.96
-5.69
-7.23
1.61
0.36
4.49
-7.45
-7.89
-3.08
-2.02
0.39
-9.92
-0.83
0.71
9.74
-8.45
0.03
0.96
4.58
7.92
5.19
-8.00
4.18
-5.73
0.66
-8.15
-3.85
-7.26
-4.74
-1.51
3.41
-5.97
8.52
8.48
0.76
-9.81
4.78
-2.78
6.68
1.86
4.06
8.91
5.85
-6.98
-9.76
-5.59
8.22
-3.59
7.33
4.98
0.09
2.75
4.32
0.23
-7.08
-3.13
-0.70
-1.75
5.38
-6.17
3.46
6.07
4.50
-1.66
-4.36
-1.39
1.23
0.26
7.93
4.28
6.29
9.74
-6.88
5.22
1.78
4.72
-5.56
-9.53
-5.67
-5.81
8.40
-9.93
5.21
-9.77
1.19
8.27
3.19
-8.09
9.36
3.98
-4.28
-5.70
5.43
-3.44
4.06
5.59
-1.07
5.11
-2.05
5.54
-6.40
-0.71
-4.48
8.30
-8.59
9.97
3.98
2.82
3.85
-2.32
6.76
-6.13
1.33
6.98
-7.25
-3.09
1.14
5.06
-6.79
9.79
4.73
-7.57
2.01
-5.40
4.82
4.07
4.80
-7.41
-6.96
9.01
-7.21
5.40
8.71
6.49
6.66
5.74
-0.64
6.87
6.36
-9.41
-6.34
-4.58
-7.71
0.04
-2.67
7.05
-6.36
-5.06
-7.34
-9.86
9.31
-3.50
-7.59
7.60
-2.77
0.82
8.39
-6.69
-2.39
-8.27
5.76
-8.01
5.76
4.82
3.30
0.75
0.09
5.87
-9.46
0.22
0.94
-3.08
2.21
-6.27
5.87
-7.09
0.74
2.27
-3.03
2.14
7.36
-6.30
5.95
-6.34
-7.49
-5.87
-7.53
4.65
6.02
-0.40
1.46
-8.95
-2.02
-3.66
-5.01
-5.59
-9.46
7.56
4.33
8.12
-8.38
-5.01
-2.10
-3.67
-9.06
-6.75
-9.47
8.34
9.03
5.22
9.91
1.93
-0.03
-3.45
5.71
-1.48
-1.72
-2.73
-3.04
3.42
-9.26
8.91
3.47
-5.79
3.74
4.97
-3.28
-9.60
6.73
3.05
-3.96
7.57
2.42
-3.26
5.52
8.96
4.42
5.25
-2.55
-2.21
-7.21
9.15
-2.21
3.35
8.34
-9.89
-0.70
3.97
-3.91
2.92
-1.94
0.10
-1.33
-2.17
-1.11
0.48
-9.81
1.41
5.36
-5.34
-8.72
-6.05
-0.03
-5.11
-4.12
-8.34
-9.79
0.57
-9.64
-8.36
5.95
8.36
-4.26
7.91
4.05
1.07
-6.54
-3.55
5.55
-1.50
5.45
-2.42
1.22
3.25
9.08
-6.42
-8.93
4.77
-2.40
9.84
-6.61
-5.32
6.74
-2.36
9.03
-3.59
-1.96
6.59
-3.50
2.57
-0.42
4.95
3.44
2.77
-5.28
-4.04
-9.74
-4.60
-0.57
8.24
-8.57
6.24
-1.03
8.38
-9.94
7.08
4.35
-6.02
-8.50
-2.37
-0.62
-4.95
-8.55
3.55
-1.22
2.11
4.24
-5.94
8.10
8.95
7.06
-8.05
6.04
8.31
5.47
-0.64
-0.32
8.42
-3.89
-7.74
-6.52
8.78
-8.00
6.94
2.40
3.08
6.29
-8.57
-9.99
7.50
-0.19
5.19
2.06
2.44
8.29
0.02
-3.82
5.96
-5.26
5.40
-1.63
6.84
2.67
-8.63
6.80
-4.49
-4.27
-7.90
-6.26
1.01
-0.59
3.19
5.97
-7.99
-9.51
-4.03
-5.39
-9.93
9.77
1.74
-5.32
-6.78
3.72
9.26
5.29
-1.94
-9.21
8.46
-9.12
-1.54
-2.20
3.63
-5.73
8.93
2.25
9.09
2.07
-9.06
6.01
-9.42
-6.91
-9.92
-3.89
5.37
-9.62
2.49
-1.78
4.34
7.60
-1.64
-1.54
9.10
-9.87
0.86
-0.90
7.22
1.85
8.58
3.96
-1.17
-2.09
-0.54
-1.18
-2.45
-5.62
4.56
2.83
-0.99
-4.82
9.63
-3.75
0.04
7.08
-7.38
0.28
1.59
3.32
-4.61
-5.34
-1.33
6.49
-2.43
8.46
-9.80
-8.75
-9.24
9.95
-7.88
-2.36
1.28
-9.07
6.76
-4.56
-0.54
-8.68
-8.39
-9.63
3.67
-0.43
0.64
-7.43
-2.78
-5.52
1.30
-1.82
6.22
4.11
0.29
4.52
-3.48
7.38
1.22
9.53
-2.03
-5.99
7.38
-3.95
-6.12
8.37
-7.38
-8.31
4.09
-7.05
-6.52
4.77
-0.42
-3.06
5.86
7.05
-3.16
5.76
-0.89
3.81
-10.00
-3.10
-9.16
1.97
9.11
-2.08
-4.51
-3.16
2.32
-7.90
9.86
8.09
-9.56
7.44
8.60
5.67
-8.20
-5.39
-7.02
-3.84
5.53
9.40
5.85
-9.68
-8.44
5.46
-4.00
2.37
-4.75
-7.19
5.21
1.62
-5.13
7.80
0.76
7.18
0.14
-9.86
6.89
6.25
-0.17
-7.36
-1.92
6.67
6.49
-0.76
7.43
4.37
-3.27
-2.97
-6.86
-3.68
-5.22
-2.21
-3.65
-0.37
-2.23
-5.24
-6.65
7.37
-9.28
-9.75
-4.68
1.81
9.33
-0.39
-1.22
-4.36
-1.20
7.35
-0.22
1.87
6.73
0.96
-4.97
2.89
-1.74
-2.01
3.07
-0.47
-8.48
-7.89
8.60
-9.43
1.62
-6.26
3.09
3.36
-8.80
-9.12
4.83
6.24
-4.28
5.75
-8.55
3.33
1.56
-7.13
8.23
2.33
5.18
-5.76
5.07
-4.08
-8.66
-2.84
5.44
7.49
-1.50
-9.57
0.35
1.68
9.62
4.48
-9.46
-9.55
-3.53
-8.98
9.82
-4.68
-4.52
7.95
-6.99
-3.71
3.30
5.09
1.25
8.26
-9.69
-3.72
8.10
-4.68
0.02
-6.38
-0.68
3.76
-7.41
9.43
9.69
4.36
0.59
1.40
9.74
4.45
-4.88
6.87
5.73
0.61
-9.62
1.49
5.89
-7.59
4.83
8.25
-3.91
7.97
7.16
-7.81
-2.01
1.80
4.99
6.62
-7.03
-4.17
4.66
6.45
4.70
3.88
0.02
-5.89
3.79
-9.52
-1.45
-6.12
7.30
4.60
2.74
0.15
-3.42
-1.18
-5.00
-4.82
6.29
-5.30
4.14
2.17
7.86
4.81
1.62
9.07
0.55
-7.72
5.63
8.83
-6.94
-1.78
1.08
-8.22
9.01
-2.13
-6.18
-4.35
-0.64
-4.03
7.01
8.96
-5.26
2.01
-2.19
-6.70
1.12
-4.00
2.62
0.20
-8.38
5.34
8.89
8.24
-2.21
3.52
1.64
-4.09
-6.54
-8.86
2.86
-4.05
-5.78
9.94
-8.12
6.80
5.68
-9.52
4.80
6.65
3.65
4.10
1.23
5.87
-0.60
-0.29
-3.71
3.44
-6.98
-3.84
6.16
2.81
8.12
-9.38
5.20
-6.91
-9.09
-6.10
2.78
-9.02
6.85
-7.04
-2.02
9.17
-2.08
-8.42
0.30
6.84
-6.26
9.55
-5.61
7.80
-0.47
-8.78
-2.91
1.96
-5.78
3.83
4.77
-4.19
1.55
-3.54
-0.84
7.39
7.66
-0.02
9.82
-8.50
7.94
-1.11
1.23
-9.30
-3.51
-4.55
2.87
-2.21
1.25
-3.14
-9.82
5.34
-2.13
6.07
-5.37
7.94
5.52
6.83
-8.91
-7.30
-2.22
3.63
0.45
3.78
-8.38
7.18
-4.21
-3.55
7.71
5.94
-9.89
6.36
5.17
-5.47
-6.17
9.60
3.78
-0.59
0.07
-0.78
-3.06
-7.38
6.00
-6.13
8.37
-5.85
8.22
4.03
-4.27
-6.44
0.39
-8.32
-5.71
-8.50
-8.81
8.83
3.76
-8.28
-9.16
-9.38
-8.61
4.19
4.08
8.70
-5.46
-9.97
-1.99
0.35
-4.28
8.82
2.71
-0.96
-6.68
-1.17
-7.13
2.11
1.16
-8.99
8.46
1.15
-0.08
7.15
2.72
-9.36
-6.42
2.96
-4.56
0.57
-5.87
6.61
-0.29
8.64
7.44
-6.49
0.32
-2.34
3.63
7.69
-8.15
-6.27
4.97
-9.27
-5.41
-9.10
-5.63
8.57
-3.49
-2.11
-2.20
-2.98
-0.72
-7.48
3.45
-3.52
-3.52
-0.58
-8.90
-3.37
2.28
-3.25
-5.49
1.51
-1.54
7.41
-9.80
-4.18
-1.90
0.51
-4.38
2.94
-5.96
-1.35
9.78
-4.64
-9.92
-3.39
-0.31
8.07
3.28
7.14
5.45
-4.35
-4.77
-0.55
7.34
3.54
0.68
6.00
7.93
-5.71
-8.56
3.23
-7.69
-0.81
3.74
1.92
-0.32
-3.83
7.27
-7.35
9.31
4.34
3.90
2.16
-5.95
-3.98
-5.78
6.11
4.48
-3.34
0.14
-6.06
-3.09
-6.49
1.49
-8.58
8.21
3.46
-5.05
-3.53
-9.23
0.82
-6.77
-6.00
-9.44
-4.44
-7.16
5.31
1.48
2.72
8.33
-2.41
-0.84
-6.42
1.38
9.40
7.30
9.16
2.67
-2.57
-0.40
6.81
-5.29
0.48
-9.40
0.33
-6.12
6.00
-1.70
4.48
-0.45
-4.95
-8.04
4.23
8.64
-8.82
7.92
-0.36
3.69
8.82
6.83
6.78
-7.60
6.99
-4.77
5.47
7.06
3.67
4.67
-5.63
1.68
-3.23
-8.48
4.11
-4.78
7.07
-9.43
8.97
-1.18
8.90
5.50
7.97
-4.65
4.10
9.44
-4.34
9.24
5.00
-1.33
-6.41
-5.19
1.85
-7.41
2.75
1.22
0.60
3.19
7.94
2.13
6.37
6.92
-5.65
8.17
-1.59
2.33
7.27
-9.49
-7.84
6.50
-4.59
-6.63
-6.04
-6.69
8.43
3.88
4.10
6.81
9.38
-2.75
-6.18
-7.28
-7.32
5.38
-8.11
1.26
8.19
7.17
6.34
4.37
2.05
8.40
-2.95
0.44
-5.10
9.66
4.79
9.75
8.14
-9.94
-7.69
-6.32
-1.24
5.20
3.13
0.85
-6.52
7.26
-6.37
-6.75
2.76
5.50
4.14
-4.41
5.32
-4.81
4.58
0.94
3.76
-6.78
0.21
-4.29
1.98
8.33
-6.64
-2.74
5.00
4.29
6.46
7.13
-8.31
3.98
2.22
-6.96
1.25
-7.37
6.49
2.87
3.88
8.26
9.42
3.60
-3.66
-2.55
-9.42
8.46
-6.96
4.65
3.66
5.36
-6.75
-7.00
6.37
9.76
-4.95
4.99
-8.91
-4.99
-3.29
0.84
2.09
3.43
-4.00
2.99
-5.29
-8.88
8.23
4.58
2.26
9.76
-6.52
-9.75
6.32
-1.68
-6.27
7.20
-4.14
8.09
-9.51
-5.20
-8.97
-6.11
3.59
-9.24
-2.92
-5.28
1.69
2.07
4.16
-3.04
5.23
-1.29
-1.51
3.25
-7.72
-1.56
0.70
0.10
8.19
0.61
-3.23
7.50
9.30
-2.75
-2.69
3.48
1.71
-0.55
-9.14
6.90
5.45
7.30
6.68
-8.49
4.82
1.36
-7.26
-5.60
-4.53
3.89
4.59
-7.99
8.89
7.92
-9.41
6.81
4.89
2.32
9.29
-2.23
-7.27
-9.09
4.46
-2.28
-8.56
-6.11
-6.53
-9.22
-9.84
9.54
-5.44
-7.08
-1.18
4.45
8.75
8.84
-9.90
-9.70
1.88
8.24
3.05
-4.59
2.55
-5.34
9.13
9.13
1.43
9.95
-8.72
7.22
7.65
7.56
-3.42
-3.73
7.94
-2.31
-6.83
5.42
4.05
-2.43
-7.90
3.44
-5.92
9.81
4.64
9.16
-6.52
2.10
-4.26
-6.31
1.13
-8.70
4.26
2.19
6.33
5.06
-9.46
-6.39
2.19
4.15
2.06
6.37
1.10
-1.49
-2.40
8.12
-2.09
0.27
0.84
-2.26
-3.62
6.78
3.65
-2.28
4.66
-3.16
-9.96
4.97
-4.74
-6.84
1.15
-1.72
-4.74
-5.73
-7.98
-9.58
2.33
8.98
0.82
3.26
-7.83
-3.50
0.92
-6.37
-6.91
5.30
-3.22
8.53
-6.81
-6.04
-6.04
-2.65
-4.06
7.01
4.10
-0.39
9.66
8.93
-4.68
-3.95
6.60
9.50
8.87
1.43
-2.82
3.46
-7.59
6.94
-4.91
-2.19
-9.22
-9.41
-1.19
9.71
4.71
3.48
5.18
8.22
-1.79
-9.83
0.75
2.89
5.16
-8.61
6.32
-7.56
-4.18
6.93
0.57
-3.39
-6.12
7.19
-1.88
4.24
4.57
-8.86
7.90
0.82
4.59
-0.82
7.28
8.56
-5.62
-1.23
-2.35
2.14
3.41
-9.00
-2.93
-6.80
9.14
-3.65
-4.33
6.81
0.16
7.60
9.26
2.92
4.32
8.16
-3.00
6.04
-7.77
3.79
-1.42
-3.89
-2.95
6.02
-3.43
3.90
0.89
-4.78
-0.32
3.88
8.69
1.57
-7.64
7.75
0.09
-8.06
6.57
-8.21
-0.09
1.00
1.15
1.10
-2.14
-5.61
4.60
3.90
-1.76
2.37
6.70
-1.01
-9.95
-8.10
-5.14
9.46
-1.77
-4.68
0.46
5.90
6.73
3.76
-8.80
-7.96
-6.08
3.38
-5.24
-3.86
-9.01
2.65
9.63
1.16
4.00
8.68
8.54
-3.24
-9.76
0.75
-9.69
6.45
9.36
-0.72
5.53
-7.13
0.10
-1.80
-8.04
-5.71
3.15
-1.08
4.96
-4.38
0.68
-5.90
-1.13
6.92
-6.61
-0.78
4.77
-7.47
5.42
0.10
0.31
4.10
-1.97
-5.44
-2.71
0.41
2.43
-3.68
2.49
7.29
-7.46
-0.77
-2.52
0.72
8.29
9.95
-6.98
6.20
9.97
7.29
3.60
-2.49
-5.58
-3.79
-2.14
8.03
-6.45
-5.24
-9.57
-2.24
5.87
1.89
-9.20
9.05
1.73
4.45
-5.02
-5.70
-7.33
-8.64
-4.64
8.73
5.82
-6.82
-5.34
-8.80
-6.35
-4.91
-0.72
6.44
0.00
1.56
-1.98
-8.37
-7.24
0.66
1.46
0.54
3.97
6.26
7.93
8.30
7.93
6.26
-8.57
-9.96
-2.05
-5.21
-2.68
-3.68
-7.66
-3.24
1.28
-1.27
-9.69
2.71
-2.69
8.58
8.33
2.15
-9.87
1.85
-2.34
-6.53
-2.02
-6.33
-6.36
-1.37
1.07
-4.81
-2.64
0.63
1.57
-3.75
0.30
-7.95
-9.37
6.75
-7.33
-7.38
8.14
-0.04
5.94
4.01
-9.28
-9.12
-9.70
0.04
-6.21
-7.23
-2.40
0.30
3.08
4.94
-9.53
5.40
1.40
-5.06
8.11
1.95
6.24
8.38
9.53
-4.62
3.78
9.33
4.83
-1.25
-5.02
4.48
-5.00
-4.37
-0.60
-5.66
-8.92
5.26
-7.73
4.38
-6.84
8.00
0.60
-0.69
-0.12
-0.68
-6.25
-6.21
9.13
-9.68
-5.72
2.38
0.36
3.06
4.61
2.14
-0.55
-1.33
-4.90
-9.13
-3.51
6.45
9.16
-5.85
-2.83
-7.87
-8.82
4.23
-1.49
-6.74
-7.33
4.05
9.40
0.06
2.35
-0.64
6.69
9.63
-4.11
-7.84
7.41
-8.13
-9.23
-1.45
7.69
-4.95
1.99
4.09
9.19
9.27
4.21
-0.14
3.36
-4.11
-4.01
-7.69
-5.46
1.04
-8.30
9.99
-7.89
1.40
-3.25
0.35
-7.33
0.30
-8.22
-0.31
2.69
2.28
1.39
9.40
2.24
4.28
-6.85
1.65
0.55
-8.40
2.27
7.50
3.93
-3.42
7.92
-9.12
6.67
8.41
-3.58
1.13
5.59
-8.08
-2.71
7.62
8.87
3.69
7.50
9.35
-0.27
3.44
9.75
2.71
5.64
8.92
0.26
0.50
-6.34
-7.57
-8.20
5.48
2.49
7.03
7.50
-8.72
-7.98
0.62
-8.85
-5.84
0.75
5.99
9.51
8.41
-8.07
4.95
-7.61
8.76
-1.08
-5.24
6.00
-7.23
-9.53
-5.20
5.25
6.45
6.47
1.84
0.62
6.07
4.84
-8.20
5.25
-0.52
-9.80
-3.70
-2.16
-0.07
4.91
-7.95
6.95
-4.46
-6.93
-8.76
-7.55
7.57
-1.72
-9.06
9.60
0.65
5.49
9.87
-8.51
-2.06
7.89
-9.64
-4.60
4.58
9.18
-6.03
8.73
-7.66
2.07
8.52
0.15
8.72
-6.51
-5.03
-8.43
3.59
-2.85
-7.86
-3.50
-3.52
4.22
7.38
0.56
-2.34
-7.50
-8.68
9.63
6.16
4.97
4.89
1.32
-2.20
-1.86
-3.29
5.43
6.37
-9.06
-1.16
8.96
-8.83
-5.22
-0.68
-8.74
-6.11
-4.71
-0.77
5.10
-1.96
6.47
-7.21
9.11
-5.91
7.92
-1.73
7.29
3.36
5.58
-1.86
1.30
3.81
6.85
-3.65
-9.05
-9.07
-9.53
-8.96
8.72
-3.27
2.03
-9.38
3.83
0.06
-4.49
-8.42
1.48
-8.70
-8.35
5.92
-7.02
4.66
-6.33
-3.48
2.19
1.09
-9.00
8.38
4.20
-5.04
-8.38
-5.92
1.58
7.71
-6.25
1.38
-6.02
1.55
-2.71
1.20
6.74
-3.80
5.85
4.09
-6.05
2.10
-0.08
3.28
1.84
-7.11
-8.22
-7.52
7.86
-9.52
2.72
-3.52
1.31
5.81
-6.57
2.82
0.99
8.38
7.86
-7.54
-4.46
7.62
1.42
-2.27
2.15
-0.53
-5.91
5.65
9.11
0.92
-1.08
-5.32
-1.90
6.04
6.82
3.06
-8.53
6.21
-2.04
-3.03
0.52
8.12
0.69
-3.55
0.13
-7.76
8.31
7.31
5.46
5.17
-5.36
-2.81
-3.60
8.91
-1.26
3.79
5.29
0.15
-0.48
-6.51
-6.42
2.69
-9.10
-1.59
-6.86
6.23
-1.89
-9.86
-2.36
-5.53
5.65
-1.90
-0.12
-4.13
-2.23
-9.18
0.46
-0.05
1.84
8.21
3.57
-7.49
-4.55
2.84
5.49
-7.41
7.69
-1.43
-8.62
4.68
-4.67
4.41
6.01
8.91
4.58
-8.04
-5.92
2.66
-1.15
-5.60
-4.24
-3.53
3.40
-4.82
-7.02
-2.40
7.29
4.62
-7.77
4.19
-6.62
-7.51
-0.62
3.18
-3.09
-5.41
-7.73
-4.73
3.40
1.69
6.52
-0.25
6.43
8.76
0.38
2.61
-4.16
-7.38
-5.94
0.94
-2.80
-3.67
9.34
6.65
-7.11
8.16
4.98
2.84
5.71
-6.49
-6.52
-4.23
-4.62
7.75
-4.92
-4.37
8.72
8.23
-5.68
9.22
-5.88
-6.57
-5.06
-2.30
0.81
7.49
-1.19
2.46
-6.27
-1.70
4.32
-7.69
4.45
7.05
-9.97
-4.92
8.93
-2.38
-0.85
6.73
-7.40
3.75
-9.60
1.19
-6.56
2.23
-9.00
-6.11
3.77
-9.78
-2.66
2.30
1.22
-5.34
-1.02
-3.53
9.62
-7.79
-8.46
2.72
0.39
7.55
-5.76
-6.38
-4.97
8.31
-2.40
7.44
-0.54
4.75
-3.08
-9.96
-9.35
-7.76
-2.72
2.53
6.27
4.78
5.56
7.63
-1.98
-2.41
-4.82
-1.98
-0.80
6.89
-0.89
-0.34
7.13
5.11
-3.07
-6.69
-8.90
-0.48
-8.66
7.37
6.48
-7.54
-0.06
5.05
5.54
-8.64
-2.18
-0.85
5.70
6.51
-3.44
-2.50
5.71
4.87
-4.65
-7.84
-9.42
-1.98
9.78
-4.50
-4.32
-7.75
-6.06
-3.55
-9.30
-0.97
1.48
-0.24
-5.74
-6.00
1.24
1.66
-0.54
2.51
-6.92
4.84
1.35
-0.08
-0.49
6.09
6.69
4.70
-1.22
-0.53
-3.27
-7.39
-4.95
8.39
3.69
9.84
-8.76
9.50
-8.60
-6.49
0.19
1.69
0.87
-2.56
-0.20
3.24
-8.59
-8.58
7.70
-9.78
-2.22
-7.93
1.16
-0.62
-5.79
-6.52
-2.22
8.49
5.70
-4.40
2.62
-2.61
-2.58
-1.28
-2.52
2.88
2.70
1.96
-2.24
-9.62
0.24
-5.95
-7.30
-4.18
1.27
-5.57
-5.38
0.51
-2.80
-7.19
-7.41
-7.57
8.35
5.39
-3.55
-3.14
4.53
-4.25
6.53
9.62
-2.08
-1.40
-5.11
-4.13
-1.00
-5.45
-6.41
7.79
-3.91
-6.06
-4.33
4.16
9.20
-2.12
4.46
4.93
-1.34
-5.30
-3.19
3.99
-0.60
-0.16
-4.08
-6.75
1.22
-2.67
-0.66
1.09
5.90
-8.96
-2.19
-1.62
1.70
3.72
-9.50
-4.89
5.80
-7.91
-7.57
0.93
-4.53
-4.04
-0.57
-7.54
-1.61
9.62
6.55
0.71
2.93
-6.41
5.36
1.71
-1.08
-5.21
-4.17
3.31
9.54
-6.61
-1.63
-8.48
4.98
4.30
1.77
9.27
-1.54
-8.38
-7.48
-9.03
-4.70
3.94
1.21
5.72
-4.43
8.83
-8.38
-7.48
1.07
-5.45
8.20
0.50
7.09
-2.93
7.39
-2.67
9.79
0.59
8.55
-1.16
9.63
9.68
-9.84
3.19
1.60
1.11
6.71
2.45
-7.20
-6.43
-7.88
-5.08
-1.92
3.32
5.23
-8.80
-5.75
3.98
2.96
-2.77
3.60
-1.46
-3.23
7.26
7.28
1.71
-1.87
-9.88
-0.84
0.77
8.49
1.70
0.89
-7.05
-0.50
6.81
8.67
7.66
-0.98
3.68
-7.60
-8.53
8.59
-5.95
-2.15
4.09
7.95
-7.94
-7.52
3.46
-7.73
-4.92
5.49
8.10
-2.28
9.55
2.76
-5.26
0.94
-4.99
7.30
-0.51
8.13
-0.63
5.88
0.56
-0.73
8.68
-7.72
-9.23
3.26
4.34
8.10
-2.16
9.38
-8.93
-8.53
0.72
-9.07
8.58
-5.62
-0.04
6.52
-9.80
-0.65
-9.63
-5.34
1.59
-4.09
-6.01
7.33
2.51
7.63
1.55
-1.88
4.97
-9.75
0.52
-9.49
-9.26
-8.41
-2.11
2.07
1.46
-6.15
-4.16
-9.98
4.34
8.89
8.32
-6.14
6.69
7.18
-3.23
0.78
2.35
-9.06
-6.90
9.30
3.21
-7.74
7.93
-3.10
-1.21
6.67
-7.63
7.19
-2.78
2.80
-8.57
2.35
-9.44
-1.08
-2.92
-3.75
-2.32
6.71
-0.77
-5.81
7.83
-6.79
2.61
-5.44
-2.07
1.22
7.84
-1.74
6.89
-0.88
4.69
1.50
-0.15
0.44
-4.37
-2.62
5.63
4.07
-2.03
2.25
0.50
-4.54
2.54
-7.94
1.33
-0.30
-2.95
4.71
1.27
6.90
-7.58
-6.29
-8.88
0.64
-0.05
8.97
-0.51
-10.00
-2.28
-9.69
-5.16
-4.11
-5.88
9.22
2.60
-7.78
6.81
4.65
0.43
-7.38
5.04
8.28
4.79
3.27
-6.28
5.05
-8.14
-7.51
7.12
4.48
6.11
-2.27
-9.58
8.48
-0.56
0.52
-2.69
-8.84
-5.85
-9.88
1.58
-3.64
-7.19
6.38
-8.95
8.58
8.16
2.47
1.81
2.70
-3.76
-1.79
0.85
8.43
5.69
4.39
-4.54
-5.18
6.58
8.98
-2.77
-9.27
-8.28
5.66
-1.10
6.58
-6.36
-4.67
-7.70
-6.68
-9.65
1.32
5.23
4.02
3.05
8.82
5.73
-6.22
-1.14
9.22
-8.42
3.63
1.69
-0.13
-6.68
3.93
4.44
0.12
8.89
3.04
5.56
-6.02
-2.05
-3.27
3.25
0.26
-5.87
4.16
-9.82
0.64
3.14
5.77
2.12
6.44
5.11
8.98
3.45
-5.40
9.05
-2.81
2.66
-6.41
-2.27
7.70
1.09
9.76
-9.00
-5.81
7.90
-5.13
5.73
-0.54
4.50
5.42
0.48
-6.09
-8.54
-5.77
2.99
5.54
1.15
5.17
8.69
-3.05
9.14
-8.53
8.26
-4.92
7.50
8.21
-7.50
9.27
-6.87
-0.14
-7.55
3.25
-5.67
-6.85
3.04
-3.31
8.56
-3.80
8.37
1.98
-5.31
-5.64
-3.35
-8.21
-7.26
3.39
3.03
3.14
-5.71
-9.22
8.42
-6.57
-3.28
5.51
-7.62
-5.72
4.32
7.28
8.24
-1.37
9.47
-4.59
-1.41
6.79
-3.06
8.46
-0.76
7.07
4.53
-5.23
9.79
-3.38
3.09
4.98
-1.11
-1.95
9.11
6.71
2.38
-2.49
-7.08
-7.59
2.44
-0.10
-4.23
0.81
5.76
6.66
-1.32
2.54
9.01
-8.02
-3.47
-9.24
9.60
2.92
0.09
7.19
-9.98
-0.91
-0.46
4.38
-6.38
-2.47
-7.74
-5.40
0.28
-1.54
8.21
6.24
-0.17
-2.66
-3.97
-1.83
-8.52
-0.82
2.83
-7.29
7.34
0.42
-9.05
-2.13
8.19
-5.83
4.74
-0.47
9.58
4.38
-9.44
-5.98
6.40
4.61
2.96
1.94
-5.91
6.99
0.37
-6.36
-5.49
-3.07
3.31
7.20
4.77
-0.59
-1.79
9.27
-3.12
-7.79
0.09
-0.31
6.67
-8.09
-2.88
-9.73
-0.19
8.18
-9.80
-1.50
-6.77
-7.96
-9.25
6.72
0.06
-6.34
9.76
7.50
-3.93
-4.63
1.25
5.68
-4.08
-4.49
-6.70
-2.10
-2.78
8.66
9.67
0.04
0.63
-1.94
-4.66
3.36
3.93
5.58
8.82
9.86
-1.52
-4.89
-5.40
7.55
5.90
-5.10
-1.30
-3.81
3.30
-5.64
0.56
4.22
-4.94
1.22
4.34
7.39
-0.57
-5.65
2.69
9.80
7.84
-1.86
-3.74
-2.04
5.32
-6.08
2.01
8.46
9.93
-6.00
-6.69
-0.11
-0.52
-5.82
5.27
9.70
3.54
-9.95
8.05
6.46
9.01
-7.04
1.60
-1.59
-2.82
-8.84
-5.30
8.58
0.63
-8.27
1.63
-2.53
-2.10
9.03
-0.54
3.62
-5.81
-4.90
-0.87
2.84
6.10
-2.10
-6.54
-3.27
-1.32
2.74
-4.83
-8.93
-7.25
2.75
8.11
-5.31
-9.25
-6.16
4.73
-0.53
-0.83
-0.03
-6.99
-7.81
-4.29
4.08
5.88
-1.38
-0.70
-9.37
-3.65
-9.27
-8.91
-4.94
-8.61
-2.52
4.50
6.10
7.77
9.88
-7.41
-3.73
2.87
0.95
-9.28
6.35
3.76
-8.86
2.67
-0.48
7.44
-0.04
8.39
-9.45
-4.40
-5.72
1.49
5.93
-3.16
-5.93
-5.43
0.36
-0.34
6.13
0.49
5.36
9.08
6.48
7.79
-4.43
-9.64
1.95
-1.65
8.35
-7.41
-8.30
5.31
2.35
-4.45
-0.77
-0.43
-9.39
-7.15
-4.46
2.84
-6.08
-5.61
4.03
-4.58
9.93
1.52
7.76
-3.15
3.77
-2.28
9.79
7.49
-4.32
8.13
7.09
9.30
-8.63
-9.01
8.70
-6.28
-9.28
-5.85
-1.15
-5.03
0.35
-0.36
-4.51
-3.13
5.87
9.67
5.01
-8.86
9.22
-3.04
3.75
-4.43
6.88
-7.43
6.77
9.91
-5.45
-5.48
-5.20
-2.16
-6.15
-9.92
-0.35
-7.04
6.73
-4.96
-1.00
-2.93
-6.78
3.00
1.03
8.79
-1.89
7.80
9.56
-9.41
2.19
-7.71
-9.71
-7.47
3.72
6.48
8.87
0.63
5.68
8.24
1.31
8.16
-5.50
9.64
7.38
-2.14
5.82
2.10
7.65
-6.70
2.98
3.50
-5.16
7.43
3.83
0.22
0.01
6.48
1.48
7.43
4.22
-2.58
-5.44
0.67
-3.59
-3.12
-7.18
1.79
7.96
9.93
-6.62
-7.56
4.70
-3.38
-6.46
-1.70
6.86
-5.44
-4.36
-3.00
-2.31
-4.47
9.57
-7.00
-8.65
4.41
8.65
-7.48
0.67
-1.62
4.45
1.59
-4.62
-5.37
-3.87
0.44
-8.45
4.68
0.04
-2.70
2.70
3.41
-4.88
-5.33
-6.61
-9.05
9.72
-8.64
5.71
-4.48
5.51
-6.80
-0.50
-4.56
4.08
-4.20
-3.22
8.29
-8.10
-7.78
-8.97
5.45
9.13
8.91
-7.93
0.15
-1.87
2.83
7.00
7.06
-2.97
3.09
7.90
1.65
-5.79
-9.91
6.95
-2.59
9.22
-4.73
9.53
8.98
-4.26
-5.26
5.95
-0.54
-7.77
-0.24
-7.51
-0.06
-4.08
-2.71
2.22
-0.73
5.78
3.68
-3.56
-7.49
9.96
4.69
-2.81
5.74
3.55
4.85
-8.50
5.84
-7.96
-0.55
8.09
-7.10
6.35
-7.87
-2.98
3.78
4.79
-8.71
-6.99
4.66
7.84
8.39
-7.02
0.87
1.20
-8.70
8.51
2.07
-7.26
-4.18
3.77
-9.13
-0.89
8.52
-0.35
-6.89
7.50
3.88
-5.45
-2.20
8.16
9.15
2.62
4.96
3.52
-0.33
0.03
9.41
9.21
-1.83
-0.21
-1.30
-7.12
0.81
5.88
-6.78
6.33
3.44
7.28
6.67
-3.49
-9.15
2.46
-4.96
-8.77
2.41
-4.95
-7.84
4.90
-2.86
-8.77
-0.02
0.23
-8.80
-0.49
-8.28
-8.70
-8.77
3.53
-4.04
3.70
-3.72
8.52
-0.10
-2.57
-8.22
-8.07
-0.26
8.03
8.56
-0.95
-3.46
-8.29
9.93
-5.96
5.42
-9.95
0.12
7.20
-3.50
-0.10
-2.83
8.87
-4.55
4.03
3.26
-9.18
1.96
8.35
-4.22
5.61
-5.83
1.08
-7.83
4.56
-2.81
-0.30
-8.32
5.00
3.83
1.15
7.11
7.45
5.76
1.07
9.84
-6.84
3.05
-2.53
1.00
3.00
-9.63
4.76
-7.83
7.88
7.90
-6.53
8.57
-8.25
-4.91
1.48
-2.10
-2.53
-4.61
-7.71
-1.98
-3.62
-9.88
6.01
6.49
-7.90
9.48
-1.32
5.16
-0.75
-0.95
-4.55
2.99
7.61
9.60
-6.52
-9.97
-7.50
8.65
-0.11
5.95
1.84
1.66
0.60
-3.96
0.64
1.12
5.62
-2.17
3.47
-8.40
6.39
-8.36
-4.40
8.87
-9.17
-2.15
-6.66
1.34
-8.31
-5.57
4.33
-8.26
-6.15
-2.59
-1.72
7.36
-3.78
-2.18
8.87
-3.17
-6.20
-2.04
-2.58
1.68
-4.44
0.18
-1.08
0.72
3.81
-8.59
1.07
-4.61
-9.42
-3.58
-3.05
-5.75
-3.25
3.02
1.97
4.65
9.43
-7.77
-4.29
9.80
3.39
-3.24
-0.80
-0.76
1.95
0.62
8.41
-8.98
3.14
3.25
-5.56
-6.48
6.65
1.13
-8.81
5.14
7.24
-9.90
0.85
-0.01
-9.82
1.44
-1.73
-2.31
-5.54
-5.15
4.37
5.31
-0.77
1.52
9.53
9.81
-0.71
0.32
-2.47
8.78
5.03
0.28
-9.48
-2.03
-7.32
-7.49
5.84
3.38
0.29
4.66
5.12
-3.71
-4.79
1.01
6.55
-0.73
8.63
1.36
0.57
1.24
2.80
1.87
0.02
9.83
6.58
-9.11
5.04
-1.02
4.93
3.00
-6.46
0.15
-2.02
4.28
-2.23
-4.95
-4.69
-7.94
-2.34
-1.92
0.99
2.16
-8.44
6.69
-4.86
6.84
-5.02
7.69
7.49
-3.53
7.93
-2.40
8.73
8.18
1.56
5.33
-4.94
-5.47
4.64
-4.84
-8.21
-4.67
0.65
-1.85
-8.57
5.73
-4.19
-9.75
-7.94
3.83
9.09
5.07
-8.57
-9.35
4.45
-0.50
2.58
5.95
-3.87
0.35
6.46
-7.29
7.60
-9.95
7.33
-6.45
-5.28
-0.42
6.41
-7.72
-6.16
6.79
-0.52
3.46
5.36
8.17
-5.87
3.38
-6.56
2.19
-7.93
5.39
-7.55
-7.58
-7.60
-7.23
0.87
8.49
1.22
-7.69
-6.92
-7.00
3.36
1.61
9.92
-7.47
1.82
-6.65
-1.61
0.96
0.47
9.59
1.28
-7.02
-4.24
9.19
7.35
-3.73
-7.04
1.58
2.58
0.11
-7.39
9.93
-6.83
8.83
2.80
-3.21
1.01
-1.94
2.84
-4.49
2.05
1.97
-5.88
0.35
8.39
9.61
3.51
-1.42
4.55
-1.53
-4.79
-2.47
-1.29
3.43
-3.53
9.91
-0.61
9.11
-7.08
-9.68
-1.73
3.88
-0.92
6.26
9.81
3.61
-0.34
-3.41
8.21
3.23
7.39
0.77
-7.62
4.24
-7.18
-8.26
-0.40
-3.55
-8.12
-4.13
-1.67
1.76
6.74
-7.18
1.03
-1.52
5.62
-1.34
7.38
-6.03
-2.84
5.21
-1.32
3.99
4.99
-1.19
-5.95
6.72
-1.84
-8.30
8.90
9.64
2.91
8.93
6.54
-2.57
-8.35
4.18
3.29
-1.14
-5.50
7.46
-2.02
1.08
9.28
-2.22
6.25
9.09
-4.69
4.10
-9.66
-1.22
6.91
7.48
5.11
1.57
-8.00
7.66
-9.30
8.72
-8.43
7.25
-7.32
-6.41
5.58
-3.54
0.11
-0.26
0.92
-8.26
2.31
-6.72
7.09
-8.76
-5.13
7.32
-4.83
0.37
-4.50
-3.15
5.78
-9.49
0.44
-7.93
1.56
3.99
1.98
8.34
9.87
8.49
-2.29
0.82
-8.68
-5.99
-7.77
1.96
-0.30
-4.53
1.81
-9.95
9.08
-5.92
2.65
6.76
-6.53
0.70
-6.50
-8.02
-5.10
-5.84
-6.94
-6.04
5.41
-2.21
2.96
3.01
-1.38
7.23
-3.18
6.70
-3.50
-7.39
6.11
-5.18
6.92
8.38
3.39
-7.72
-2.30
-6.34
-6.52
7.82
2.70
-3.50
-6.59
-3.02
5.60
4.97
-8.52
7.19
-2.95
-1.64
6.30
3.27
-9.34
1.48
-3.72
1.39
-6.28
-4.69
0.31
9.61
-2.09
6.97
0.11
3.19
6.05
-7.63
5.09
-7.30
0.13
-5.61
-9.91
-6.84
6.46
9.92
6.83
-7.75
3.57
8.80
-0.43
5.72
8.35
-2.20
5.74
-1.76
6.18
-7.26
-8.05
-2.37
0.60
-8.04
6.24
0.71
8.24
-5.88
-2.99
-1.01
-5.51
-6.38
-0.57
2.00
-4.34
-3.38
-0.27
6.80
3.19
-9.10
-1.75
-8.51
-4.41
-7.43
1.64
0.96
-6.34
2.93
5.02
2.96
4.68
-1.65
-5.38
2.75
-8.84
6.55
-8.47
-5.76
9.77
-7.74
7.25
-4.09
-3.84
5.40
-8.41
9.56
1.10
-5.05
3.62
-9.92
-6.18
1.59
6.17
4.27
-2.02
-7.72
-5.32
6.90
-4.06
9.83
0.90
-7.87
7.04
0.70
2.06
8.44
-4.61
-5.94
-3.78
-4.93
-7.11
-4.81
-5.62
8.28
-6.92
6.60
9.91
-4.57
1.37
-0.40
-3.91
5.00
-2.57
9.81
-7.82
-9.23
-4.79
-0.45
8.82
-1.82
-3.71
0.21
-6.73
-8.90
2.24
-2.15
5.18
6.97
1.42
-4.91
3.49
-1.32
-3.88
-7.63
-4.91
-8.96
5.42
1.74
5.83
-9.76
9.53
-3.59
4.61
-5.87
-8.79
8.98
1.03
1.78
-0.15
1.64
7.30
-9.93
-6.06
1.39
5.14
-4.18
7.40
3.44
8.00
-8.73
-4.48
-4.10
-0.38
-8.80
6.11
8.84
-0.82
-0.23
-8.53
0.95
-6.07
-4.73
6.75
6.85
9.78
0.73
-9.53
-1.86
0.56
-1.26
-7.38
1.41
6.50
-1.56
6.24
6.33
2.64
-7.11
7.76
6.76
7.69
-5.12
2.05
8.33
-5.96
9.36
-2.38
5.30
9.61
-9.34
7.63
0.01
-8.09
2.42
2.34
8.02
5.30
8.63
8.65
1.96
1.75
-6.29
2.35
-2.62
-4.09
-0.19
8.65
-6.40
-4.95
-0.49
-3.32
-7.29
-5.49
-8.05
3.53
9.87
-0.70
0.55
-6.44
-1.94
2.41
0.54
8.45
0.31
0.59
-5.78
-6.28
-7.37
-1.98
2.32
-2.67
-9.25
-1.27
9.36
6.00
3.67
-1.84
-8.70
-5.21
7.42
-5.25
3.52
-4.35
1.83
-8.13
-2.72
0.58
3.63
-8.95
2.75
4.94
-0.94
6.79
6.84
6.58
8.86
3.93
3.81
6.44
9.04
7.91
6.90
6.20
0.42
8.70
-1.00
8.65
-9.97
8.99
-9.32
-3.64
-2.39
-2.76
3.39
-5.71
-9.73
-3.69
6.28
-8.03
-1.65
8.09
4.58
-9.09
-4.13
5.04
7.64
-7.19
-1.70
9.00
-5.03
-5.82
1.21
8.05
8.09
3.07
-7.47
-7.96
6.57
3.51
1.83
-2.73
-3.67
3.23
-0.37
1.18
8.20
-9.67
9.81
-2.54
-5.00
-5.44
8.39
-7.66
5.27
-1.26
-8.34
-7.40
1.64
-3.95
6.91
5.99
2.10
-1.26
8.73
4.67
-7.75
-6.12
-5.76
-7.78
6.62
-8.09
0.08
5.00
7.26
3.36
-5.45
8.32
-2.34
9.64
7.87
-1.88
0.10
3.37
-6.27
8.85
-5.29
3.83
5.27
-1.96
8.16
3.34
-1.43
8.25
-9.77
-9.95
6.83
-2.90
6.36
2.71
-1.64
-4.15
4.32
3.31
1.40
7.31
3.11
2.85
9.08
3.55
2.10
6.21
7.47
-5.82
-1.13
-8.48
-0.02
5.79
-6.61
9.68
-8.88
3.03
7.14
-0.16
2.79
-7.80
-5.01
6.16
6.35
-2.20
-1.99
-8.25
3.31
-7.33
-4.50
-4.71
-1.96
-7.56
4.12
5.93
-4.46
-5.12
2.50
2.16
7.28
-5.32
9.22
-9.73
-1.61
-5.56
-7.59
7.96
-0.73
2.38
-0.84
8.83
-5.27
-2.56
2.67
-6.76
-6.24
-7.63
-4.56
1.31
-6.87
-4.48
6.56
-6.44
-2.12
1.76
-8.81
-5.06
-8.10
-6.55
-9.56
7.71
1.56
1.76
9.69
9.00
5.80
9.23
-6.47
-1.56
-4.58
4.04
5.41
-8.27
-4.85
6.66
-9.83
5.61
-8.84
-0.47
7.50
9.83
-2.50
0.38
-5.42
-8.05
4.42
9.77
5.83
-9.64
1.72
-6.48
8.13
1.24
0.24
-9.29
-0.54
-4.79
4.70
7.71
9.12
8.99
0.89
9.06
7.72
8.07
-9.56
5.68
5.01
5.68
-3.74
-8.88
3.67
-6.11
-8.28
6.38
7.23
-7.57
-3.21
4.09
-9.84
-9.22
-5.78
-7.52
8.41
9.24
8.85
9.92
-1.70
-5.47
3.21
-9.47
2.16
-4.34
-7.40
-8.38
8.52
-4.48
-7.39
3.46
5.34
4.01
2.40
-7.91
-5.95
8.17
-3.30
-4.27
2.81
5.07
9.74
5.47
6.95
-7.06
4.23
-9.15
-5.27
6.32
8.53
0.93
6.64
-9.27
-4.94
1.50
6.27
2.58
3.12
-0.97
-9.11
9.85
-0.69
-7.93
-0.07
-0.73
-1.43
0.55
9.36
5.50
-1.00
-6.21
-9.73
8.09
-6.37
7.78
-0.42
-8.32
-7.81
-7.74
1.19
-4.79
-3.92
-1.61
5.51
5.67
-0.39
7.53
5.70
2.02
0.64
-8.26
-1.47
4.99
-6.19
6.71
8.18
-1.74
9.35
7.70
0.96
-3.19
-9.20
9.05
9.14
7.81
-5.52
-1.98
-7.94
-0.03
4.19
3.46
-7.50
6.79
3.90
-9.93
-3.41
-0.63
1.84
-1.34
-4.68
-5.62
8.98
3.29
-4.24
-7.04
4.99
5.71
0.13
-4.08
-5.03
-2.10
0.83
-8.83
9.88
-6.89
9.63
-1.31
-6.09
-3.70
9.03
8.91
-8.07
-5.63
3.99
0.04
0.02
-3.11
2.15
9.95
-7.63
8.08
0.62
8.18
7.56
0.37
7.53
3.92
7.37
-9.48
-3.59
-4.70
-8.74
8.60
1.56
-4.22
-0.33
0.70
-7.48
3.32
9.17
-4.11
-4.27
7.72
-7.26
-2.03
1.63
2.08
8.10
-7.13
5.11
-6.34
7.44
-7.94
-2.29
0.07
-8.53
2.80
-0.60
6.17
1.10
5.71
8.30
7.56
9.70
-9.61
-3.61
-4.05
9.22
9.68
9.25
-7.60
-6.86
3.14
-1.94
3.76
9.58
-9.58
2.00
8.15
7.43
5.16
9.03
4.90
8.89
-9.96
-6.65
-5.19
-8.62
3.50
-2.43
6.12
-8.07
-1.02
-2.29
-7.98
-2.62
7.00
-0.83
-4.87
-6.80
1.04
1.88
4.77
-5.68
-2.44
2.53
2.50
-8.98
-9.03
-7.68
1.60
-7.10
-5.96
-1.95
-3.84
4.22
4.54
4.89
5.30
-6.40
8.54
8.86
8.30
-8.73
1.15
-2.85
-3.91
-2.97
-4.75
4.38
-5.12
-8.09
-1.13
3.08
7.39
-3.17
-8.23
-3.73
7.53
-8.74
2.01
-9.58
-6.06
-4.95
-7.08
-3.03
-1.93
6.54
1.25
0.34
-7.44
0.08
-2.89
0.73
-4.63
-3.87
6.19
9.77
-4.66
6.98
5.13
7.12
-5.11
-8.73
-9.60
-3.83
-4.67
0.42
-8.49
7.03
0.59
-9.86
9.05
4.76
4.77
0.05
8.32
-8.80
-0.62
-5.42
8.96
-1.70
5.74
8.38
1.50
1.24
8.12
9.15
-8.84
9.36
-6.56
1.21
-0.29
3.11
-7.02
2.83
6.01
-4.92
-8.18
0.48
-4.34
3.20
1.51
-6.88
0.74
-5.56
1.83
9.66
-0.11
6.79
6.99
-7.29
-0.42
8.03
2.11
-8.31
7.16
-0.92
5.45
-1.40
-3.74
0.30
2.18
9.31
-4.78
8.71
5.10
3.76
-0.85
4.35
8.17
7.99
-3.79
-6.20
8.27
-8.74
8.84
9.16
0.99
1.30
0.42
-9.60
5.89
-9.10
8.16
9.39
7.06
-1.18
-7.36
3.58
4.42
-1.64
4.82
-2.37
1.50
-3.50
1.00
0.90
5.31
-3.13
6.45
-0.83
3.85
9.59
-1.71
8.44
-3.03
1.28
8.22
9.25
6.23
8.01
-4.19
9.32
-0.79
4.77
-7.14
-7.13
-5.89
-5.79
9.63
4.69
0.16
7.96
3.28
6.99
-0.55
3.63
-0.50
-2.72
5.80
-9.44
7.64
5.34
6.43
7.54
0.15
-2.60
1.84
5.49
-3.09
5.70
9.68
-1.57
5.08
-8.54
8.20
-4.45
-5.01
-0.40
4.91
-2.08
2.94
-7.03
5.99
-7.46
1.23
4.66
-7.80
7.16
6.33
-3.92
-3.10
-1.10
5.57
-0.70
-8.36
-0.31
-6.85
-8.44
-4.78
-8.13
-3.95
0.06
-8.44
-3.15
0.39
5.37
-7.74
-9.89
-1.04
1.31
9.23
5.65
-9.50
-0.37
-6.71
2.86
-8.63
-2.47
4.06
-0.80
-9.80
-3.86
7.04
1.55
6.21
8.11
3.30
-0.43
1.79
2.42
7.59
-6.02
9.89
4.57
0.26
3.17
7.02
0.21
8.87
0.93
-7.69
0.37
4.97
8.70
3.38
-3.52
-8.38
-4.68
9.51
3.13
7.46
7.45
-7.06
-3.05
2.79
3.82
-1.31
9.43
-6.63
-3.72
3.70
2.12
7.54
-8.96
5.82
2.06
-7.76
-7.06
3.37
5.77
-6.32
6.12
5.72
9.79
-1.86
-5.99
5.75
-4.03
8.63
-8.08
-5.39
9.62
2.94
-4.73
9.53
-1.39
8.84
-3.38
-4.77
-8.41
1.93
-5.41
9.61
3.42
1.80
7.86
-5.64
5.99
-7.87
-2.70
0.97
-7.54
0.44
9.42
-7.02
-6.84
2.90
4.16
-5.07
-8.83
-9.90
0.32
8.75
-4.24
-0.82
1.63
8.05
1.85
8.02
-3.50
-8.82
-6.50
-2.80
-5.14
3.42
-0.30
-4.78
-5.10
9.15
0.44
-7.33
3.05
4.47
-8.67
1.02
0.18
-9.00
4.75
1.50
-2.69
1.35
-4.22
-0.04
-6.22
-2.88
-9.04
-7.02
1.11
9.73
8.01
1.25
5.63
5.03
4.73
-4.51
-6.90
2.10
4.97
-9.24
8.25
6.94
0.13
-5.28
-7.42
-8.35
-5.96
5.43
-6.61
-0.17
9.41
4.35
7.30
8.58
4.12
0.22
-8.80
8.05
-4.77
9.28
3.94
8.90
-0.91
7.62
-8.18
-1.61
5.45
1.28
0.94
-4.21
-6.14
9.54
9.61
7.62
-9.60
7.27
3.92
-6.58
-7.12
1.80
9.66
2.64
2.64
9.97
3.55
-6.71
-8.87
-8.93
-2.93
-7.01
-0.77
1.11
-4.03
-6.98
-2.33
4.31
8.49
-4.02
6.47
7.14
5.63
7.72
1.64
-9.23
6.30
-5.79
7.21
7.44
-9.26
-6.20
0.76
-3.61
-4.76
5.72
-9.44
5.01
-8.86
5.29
-7.61
-9.23
1.56
6.52
4.23
9.67
-1.35
2.69
6.99
6.65
-5.32
5.66
9.22
-6.21
-9.96
-5.72
4.18
-8.19
-8.72
-7.15
-2.86
0.46
2.32
9.95
-8.77
-6.42
1.96
-1.50
9.92
4.22
-9.26
7.53
4.09
-4.25
0.43
6.33
2.14
4.25
9.10
-8.37
-9.10
8.06
-4.93
-1.59
5.77
-9.95
-7.33
4.96
-2.00
8.12
3.13
-7.21
-2.60
-0.30
3.57
-7.86
-1.55
-4.14
7.33
-6.49
8.07
-9.48
-1.32
-3.95
3.06
0.54
-4.94
-6.75
-4.53
2.27
0.03
6.67
-6.12
0.13
-0.05
8.35
-1.23
-7.12
7.65
2.38
0.23
-6.70
6.05
6.43
-4.16
6.65
-4.99
3.78
-2.79
3.88
-5.54
6.43
3.01
-5.09
6.89
0.05
6.74
-2.20
-7.52
-8.77
-2.62
9.29
-0.22
7.79
1.02
-7.47
5.25
-7.30
1.56
7.38
4.73
2.28
8.62
-0.92
9.87
9.27
-9.09
-9.08
-7.19
1.39
2.93
-3.62
-7.93
-3.95
3.36
-3.45
2.94
1.84
-6.80
-1.69
5.32
7.35
-8.36
-1.01
-7.68
8.06
-1.93
-6.90
-7.49
-8.18
-1.96
6.73
9.29
-6.45
1.57
-4.70
-9.95
-0.04
-8.30
-9.75
8.74
-5.37
-8.36
-9.75
-5.47
4.28
8.37
2.71
-9.99
-3.16
1.13
-9.01
-8.14
-8.20
-7.35
-6.83
-2.76
-6.28
-8.64
7.77
8.92
9.18
2.79
-7.71
2.32
-1.82
-1.92
9.95
7.67
0.26
-2.07
-9.50
-9.78
6.28
0.01
0.49
1.82
-3.82
7.90
8.77
6.91
-6.38
9.87
2.88
-4.02
-2.08
5.43
1.75
9.78
4.09
7.88
0.61
7.26
-8.60
0.97
-6.51
0.46
-8.72
-2.22
9.12
9.42
-4.94
-0.07
5.67
0.27
-7.76
5.33
0.23
-0.44
-0.09
2.44
-1.73
8.10
-6.14
-0.65
-0.87
7.20
2.15
5.64
2.79
0.76
-8.35
-4.77
-6.19
5.95
8.21
8.40
7.94
-4.05
1.11
0.93
-2.98
7.65
-7.64
-1.34
-2.13
-2.44
1.54
5.51
0.72
-1.02
6.76
3.12
2.85
3.62
-7.63
-9.85
3.03
0.67
4.06
-0.46
2.46
-3.33
1.98
1.64
7.69
9.06
-7.54
-8.49
1.34
-3.33
9.04
8.42
-3.98
0.29
3.31
5.71
-2.66
-3.64
-3.67
-0.89
-8.65
-3.06
-8.84
-8.33
2.27
-0.84
-2.91
3.46
-4.00
-2.86
6.36
4.04
-4.93
-0.41
-6.20
-4.04
0.70
6.24
0.14
7.35
7.51
6.12
9.56
1.76
6.59
-9.06
2.17
3.29
2.44
6.58
-8.10
5.27
-0.38
-4.07
-9.36
0.47
4.44
-3.95
9.08
1.11
-2.44
3.02
-5.13
6.66
3.03
7.25
-1.04
7.66
9.39
-7.20
-9.65
3.60
8.42
3.43
-9.69
3.08
7.31
8.79
6.32
4.24
-0.34
-6.24
-3.37
3.79
-8.84
4.05
5.88
-7.50
5.37
-8.78
2.51
5.54
5.38
-9.69
-1.45
5.55
-3.09
-7.01
2.41
6.86
8.46
9.67
5.32
-1.42
-5.84
3.35
-7.99
-4.87
-5.08
8.68
-3.72
-7.98
3.62
-0.95
-7.93
-4.91
9.72
-4.96
0.68
1.40
9.20
-2.77
4.71
-0.18
-4.76
-3.34
9.46
9.49
-4.62
5.78
2.25
4.27
-9.26
3.38
-9.59
1.20
2.92
-3.75
8.56
1.31
4.27
-8.94
-4.30
0.72
-2.95
-0.76
-7.13
0.21
-2.81
8.26
1.94
-8.61
8.22
2.28
-3.90
7.64
1.07
5.33
2.81
-2.12
5.25
-9.78
9.69
-8.75
7.15
6.11
-5.90
-8.98
1.04
8.14
6.94
5.62
8.33
2.01
-8.68
-4.95
-9.17
6.73
6.80
0.80
-6.43
8.70
-0.29
-2.66
2.82
-9.84
-9.75
-6.66
-5.12
5.23
-3.08
0.73
1.43
6.52
9.08
-0.22
6.78
-4.34
8.00
-1.76
2.99
0.64
7.27
-7.31
-1.81
-6.77
-6.97
-9.66
3.93
9.55
-5.23
-0.83
-3.01
6.96
7.17
4.76
1.50
0.33
-6.17
1.85
6.85
-9.15
-6.75
-1.30
6.98
-9.48
-2.12
2.46
-3.20
-4.55
6.84
3.64
-8.67
-9.00
2.81
7.79
3.09
2.05
-6.14
-7.44
3.47
-8.64
-9.20
-1.78
3.70
-0.71
0.60
9.76
0.94
7.85
6.66
-1.25
5.26
2.35
-3.64
3.07
-6.92
-6.29
6.69
-7.48
2.54
-5.47
8.48
-1.34
-3.21
-7.90
-0.08
-3.21
-9.63
-8.58
9.94
-1.70
4.70
-8.55
2.05
1.50
8.08
7.55
-0.57
-0.93
5.88
3.41
1.68
-9.76
-3.48
5.50
-6.04
-4.27
-0.98
3.17
-0.79
3.81
7.45
7.58
-6.11
5.37
-1.81
-7.57
-1.89
6.21
5.50
9.93
0.52
-5.24
-9.03
4.72
8.80
-6.84
2.65
-0.79
6.20
-9.92
9.23
-6.69
4.94
3.12
5.17
-8.33
-3.12
9.20
-7.75
1.63
-7.72
-9.20
-6.92
-5.12
7.18
-3.57
2.49
-3.87
9.99
3.18
-7.92
-8.22
8.00
-0.22
-6.22
1.70
4.45
-1.99
