-8.47
-4.72
-6.72
2.83
-0.46
-4.82
-4.65
-9.60
-1.81
7.09
0.28
0.81
9.68
9.43
7.69
0.61
8.10
8.91
0.59
1.40
6.84
-9.32
-2.58
-3.91
-7.62
9.62
0.75
5.40
7.38
-6.65
-9.31
-9.95
-3.54
-2.35
1.15
-5.46
-2.51
4.89
7.08
-2.12
-8.24
6.07
0.81
-2.88
-3.93
-2.87
5.62
-0.89
9.78
-9.86
4.66
6.26
0.13
-9.98
-6.67
-8.15
-1.24
-2.62
-6.70
-9.45
-7.32
8.07
-3.80
-0.26
2.81
-9.80
-4.75
-2.70
-6.88
9.09
-7.26
-8.57
3.60
0.92
1.74
8.23
-9.86
5.56
9.95
-7.48
4.43
-0.63
3.95
7.67
-2.93
-1.55
1.89
9.99
-3.09
-7.00
-7.19
3.26
9.83
3.53
-9.33
9.18
-9.91
-0.62
1.22
-0.85
