0.86
-4.97
4.07
0.21
-1.64
5.14
8.35
-3.57
3.99
1.04
-4.79
-6.92
-0.63
7.69
-9.37
-0.10
2.45
-0.21
-5.51
-5.03
-4.41
-9.62
-2.38
6.27
3.54
9.12
9.13
2.08
4.69
1.23
2.23
5.98
8.51
7.55
-3.29
2.08
2.52
-3.79
6.03
5.97
1.67
6.92
7.42
7.26
3.51
-1.96
2.78
-0.92
2.04
-2.55
8.85
0.28
3.55
7.55
4.45
6.04
-2.52
5.28
-6.78
-7.68
5.41
7.50
9.73
9.94
1.37
2.61
7.20
-6.17
6.57
-1.11
-4.96
3.13
-8.32
-9.78
4.11
-2.30
9.69
9.82
8.07
6.72
-7.32
-7.41
-1.27
-5.02
-4.57
-3.22
3.75
2.51
-0.94
5.45
4.56
3.09
-2.11
-1.48
2.83
-2.56
2.53
-4.11
-6.45
6.50
