-9.22
-0.42
4.72
-6.22
5.89
3.49
3.40
-8.00
-8.02
-7.38
5.19
5.25
-2.15
-6.75
2.96
9.70
0.99
5.22
-9.61
-5.25
-8.31
-8.03
4.27
-1.24
-1.35
6.23
-0.15
5.59
-8.38
4.62
-0.33
0.37
6.77
-5.95
6.84
-7.59
-9.65
3.17
3.05
3.50
6.32
2.08
2.19
9.70
3.54
3.18
-0.00
-5.33
8.15
6.59
-9.41
2.81
-3.22
2.97
-9.71
-9.81
-3.81
-2.89
-0.54
1.48
5.02
5.26
3.04
-9.03
3.17
9.35
0.24
-4.18
4.54
1.32
4.23
-0.28
-1.24
0.53
2.23
-5.13
-2.61
-2.43
-3.18
0.78
-9.63
7.33
-1.06
7.59
8.33
4.77
-6.68
2.36
-3.74
6.25
6.88
6.36
-5.68
9.65
0.83
1.31
-8.69
-3.51
-3.08
-6.97
6.46
9.00
-1.31
-9.65
5.18
5.39
-1.89
7.44
4.40
6.40
8.48
7.90
-6.95
-3.73
-6.01
-1.61
3.38
-8.73
-3.33
-9.71
-1.22
-1.16
-8.56
-2.81
-6.41
0.58
9.65
6.57
-9.34
2.09
2.01
-6.33
-7.81
2.94
1.31
-4.27
9.56
9.69
-4.28
-5.30
7.72
5.29
-6.85
6.51
9.71
-2.15
7.42
5.18
-2.91
1.98
6.82
-0.37
-8.20
-4.25
-4.39
-8.41
-4.98
6.48
9.23
-7.43
8.79
8.41
-6.26
8.00
-4.04
5.46
-9.89
6.84
4.02
2.08
-5.91
4.55
8.59
-4.54
-7.89
-2.25
1.99
-7.88
4.05
-1.48
2.76
2.04
-6.68
6.65
-8.50
-6.56
-5.03
7.79
8.92
1.39
2.42
-4.28
1.41
-6.68
3.49
6.90
-9.89
4.50
6.24
5.25
8.79
6.84
5.37
5.55
6.39
3.79
9.78
-6.66
-0.33
-5.21
1.80
9.60
-8.23
2.22
8.88
-1.75
2.19
4.00
-1.76
4.62
3.74
5.00
-4.78
3.10
-7.64
-9.69
-4.24
1.87
5.13
-6.34
-6.06
3.17
-7.76
3.89
-5.15
6.84
-1.38
2.74
-6.29
-4.34
0.63
-2.85
-8.26
-9.75
-6.31
-1.09
9.32
-8.05
-3.72
-4.84
7.27
1.58
6.05
2.59
-3.29
-7.63
-6.40
8.52
8.17
5.07
9.61
-7.86
0.61
3.44
-9.13
8.75
0.92
-1.76
0.92
-9.55
-5.42
-2.29
-9.09
6.15
-1.94
-7.08
-3.84
-5.88
-6.40
-4.09
-5.67
-9.74
-2.98
-1.24
0.53
5.09
-0.86
-8.16
5.20
-7.30
-8.53
9.23
-9.73
4.75
-3.24
-0.47
9.27
-7.42
-4.88
-9.86
7.05
-9.37
6.16
3.09
4.64
4.35
-1.95
-9.32
4.98
-4.49
3.78
8.90
5.02
8.27
-4.42
-3.10
-9.98
9.05
-2.14
0.45
-4.62
3.23
9.52
7.75
-8.04
1.97
-3.97
-4.47
0.19
2.16
2.09
-6.41
8.87
-7.34
5.39
6.06
4.10
9.95
2.16
-2.78
4.04
-3.67
5.08
0.32
5.15
3.78
4.16
-2.66
-4.56
-3.36
-8.64
7.74
0.47
-3.90
-0.67
-5.36
-2.34
-0.14
-4.82
6.13
4.51
-0.09
-0.38
0.26
-3.59
-8.49
-7.70
-8.52
-0.32
-3.26
-6.05
6.86
-4.60
-4.53
5.81
-9.80
-0.36
7.02
-2.89
2.06
-4.14
-4.34
1.23
-6.09
4.93
2.93
-8.98
4.52
8.47
0.14
-5.89
-3.31
-8.81
3.85
-1.39
2.44
-2.23
7.80
-9.93
-5.16
9.91
-5.81
-9.90
-5.45
-0.79
-2.54
-2.58
9.18
1.55
3.83
1.90
-6.34
8.49
-0.48
-7.79
9.75
1.33
-9.01
7.84
-7.34
3.60
-9.87
-4.19
3.15
-2.63
7.64
3.08
-6.97
-0.77
7.76
4.99
2.27
1.42
7.33
0.43
-4.14
-6.25
-7.57
-5.50
-1.47
-7.94
-4.33
-0.90
-4.62
8.63
7.29
-7.84
-3.30
-9.61
3.15
6.15
-5.05
0.41
2.78
6.43
-7.88
8.28
0.56
-9.80
5.59
5.16
3.25
6.47
-9.50
8.99
-3.13
7.85
6.99
-4.56
-3.84
-5.26
-9.84
0.46
-0.35
2.45
-8.94
9.72
3.63
-7.94
6.81
0.95
-2.09
-4.55
7.88
-5.63
-3.33
-4.76
0.80
-2.72
7.52
-9.76
-5.74
-1.93
-8.24
7.06
6.91
-4.49
-0.88
8.44
4.77
-1.18
-9.98
-1.04
6.59
4.18
8.48
-1.22
5.19
3.35
-1.16
6.02
2.76
9.95
9.39
-1.63
8.60
-0.92
-3.99
-5.39
-2.98
5.86
9.06
6.60
-6.14
-1.42
-3.60
2.44
9.48
-7.99
6.02
-8.62
6.62
-3.46
1.05
-8.89
0.98
8.78
-9.49
8.05
2.86
-0.81
8.84
-8.74
-2.14
2.48
7.34
-9.34
-5.14
6.26
-9.37
0.07
-0.74
3.64
1.32
-4.19
-0.22
5.46
5.90
-8.62
6.84
-2.37
5.13
-1.02
-9.37
-0.60
1.88
-1.72
-2.91
7.92
9.70
3.36
9.80
5.06
-4.82
8.15
-3.96
-8.25
-2.85
1.18
5.05
5.76
-4.01
-9.75
-3.41
8.36
-3.90
7.52
8.08
-4.43
-5.37
-4.17
-1.77
-0.36
-0.37
6.67
-4.50
-3.71
-9.23
-9.34
9.32
3.42
5.66
-9.08
-7.64
6.92
5.04
0.15
-8.14
-0.90
-0.20
-8.07
-1.83
5.56
-6.85
6.91
8.73
5.87
0.79
4.52
-4.59
3.93
2.56
0.80
-6.48
-6.56
8.35
3.01
0.54
-5.73
-8.37
1.58
2.70
5.20
-6.40
-9.92
-2.47
8.81
-8.80
-6.11
-9.51
-6.02
-8.06
-1.96
-6.13
-8.25
8.82
-5.06
6.02
-9.82
-1.56
2.70
-0.93
3.66
-4.68
-5.51
-6.81
2.54
5.72
9.70
5.70
-1.52
-6.04
7.48
-7.12
-8.69
4.37
-6.70
-7.10
-7.05
-7.90
-0.90
7.74
-6.03
5.81
7.75
-7.61
8.56
-4.66
2.36
9.41
3.39
7.69
-8.90
-3.04
6.03
4.12
8.17
8.38
-1.40
1.80
1.52
-8.45
-7.78
-7.10
7.94
6.14
7.93
4.43
6.16
6.71
-0.36
-8.21
8.62
-9.96
4.78
9.28
2.43
-5.38
-1.67
-9.34
0.29
-9.50
-4.26
2.84
-8.14
7.64
0.40
5.85
-3.72
0.81
1.37
2.29
6.43
-0.71
-3.10
9.24
5.67
-0.64
9.36
-4.12
7.39
7.80
7.32
-0.08
-1.56
-5.55
0.24
5.85
-3.42
2.07
1.55
-1.65
3.01
-8.50
5.60
-6.22
0.27
-9.74
-5.71
2.97
-3.66
2.87
-1.23
8.49
5.49
-9.26
-7.95
9.34
6.48
0.09
-1.97
-3.55
8.83
5.65
-7.43
-8.19
7.67
8.65
2.32
-5.34
-2.17
-3.12
-3.20
7.63
7.90
5.24
-0.54
6.05
4.73
4.62
-6.68
3.61
9.04
-2.47
6.80
-2.66
-7.14
8.35
-4.67
5.24
-0.67
6.46
4.48
-0.53
-4.56
-9.63
-9.92
8.37
-1.47
-9.06
1.10
-9.55
6.91
1.80
0.82
-6.69
-4.52
-4.82
-8.07
0.81
6.77
-8.87
1.26
1.49
-1.84
-1.57
9.62
1.41
-4.13
-4.82
2.54
-5.42
-3.71
7.25
7.40
-6.09
5.32
-7.32
-7.34
-3.84
-3.61
-9.75
-5.22
3.61
-2.29
0.22
8.44
-4.14
9.38
-4.58
5.75
-5.16
1.03
-9.17
-0.03
-4.03
-9.37
9.80
-0.51
8.89
-5.04
-5.06
7.58
0.61
-7.44
1.86
-6.41
4.38
9.67
3.93
-8.74
7.35
9.73
6.15
9.69
0.12
-2.78
-3.85
-7.35
1.35
-3.64
-9.35
-8.22
0.54
-4.69
5.38
9.47
-7.95
-3.52
6.52
-3.18
3.59
3.67
-8.06
2.48
-7.76
6.48
0.31
-2.04
-8.92
-7.15
-3.89
-5.06
-0.28
-9.85
8.80
0.30
1.61
5.55
-5.79
4.54
1.49
6.32
-3.77
9.02
5.96
-9.50
-2.92
7.88
0.33
8.90
-5.93
-9.89
4.95
8.69
-8.87
-2.58
3.97
-0.52
3.26
3.59
9.87
-7.69
1.81
-9.10
-3.28
-7.62
-0.97
9.19
5.35
-4.03
-0.33
-6.66
-6.39
-7.74
-1.88
4.57
-5.26
0.63
8.85
-8.54
-2.95
4.16
8.57
-3.98
8.03
9.84
-1.91
0.66
-4.04
-3.86
1.97
1.64
-7.79
-1.36
-5.73
4.45
7.38
-5.72
8.25
7.07
4.19
-5.16
-1.58
6.39
0.66
-9.68
-7.11
-6.31
6.17
-7.15
4.21
-5.41
4.07
1.70
-3.23
-0.68
3.52
0.05
-1.00
-1.36
-6.04
4.17
-1.64
-8.59
5.21
-4.43
7.33
-0.97
6.37
-3.16
-1.48
-7.24
6.66
1.65
-3.05
9.17
-8.79
-0.23
7.77
